level,rarity,pack,docId,name
1,common,pf2e.pathfinder-monster-core-2,nLlS3MBFCO3DKwBX,Suli Dune Dancer
3,rare,pf2e.pathfinder-bestiary-3,XfHvnixZO9zVwZxC,Living Graffiti (Blood)
4,common,pf2e.pathfinder-monster-core,JwOlSrHk1pkAKMRn,Hobgoblin Archer
4,common,pf2e.pathfinder-bestiary,iII08V0HlvWGWSmu,Horned Archon
4,common,pf2e.pathfinder-bestiary-2,ZKTz1ABoPTtlgYIy,Hound Archon
4,common,pf2e.pathfinder-bestiary,tMxtnGthVV01wNQb,Janni
4,common,pf2e.pathfinder-npc-core,l5QgLQKKxM2pqcSl,Jinx Eater
4,common,pf2e.pathfinder-bestiary,yq1BgQi0BsAMbU69,Kapoacinth
4,common,pf2e.pathfinder-bestiary-3,hh7OuFB5BQIrfeRT,Kasa-Obake
4,common,pf2e.pathfinder-bestiary-3,cKy95PZJt6lGCsJk,Kushtaka
4,common,pf2e.pathfinder-monster-core,lK4Xfb58mUNygoae,Larval Ofalth
4,common,pf2e.pathfinder-npc-core,fBd8Cfe7fRtF8HoJ,Mastermind
4,common,pf2e.pathfinder-monster-core,vN2alMciNlKpBpKN,Minotaur Hunter
4,common,pf2e.pathfinder-monster-core,X7PaA6XgvrY5ByfM,Ogre Glutton
4,common,pf2e.pathfinder-npc-core,hXcBMFGA45ES01Lb,Orc Gamekeeper
4,common,pf2e.pathfinder-bestiary,kPBSSOuR8n8vZHXB,Otyugh
4,common,pf2e.pathfinder-bestiary,X03vq2RWi2jiA6Ri,Owlbear
4,common,pf2e.pathfinder-npc-core,mkyMSRTbDV4lho2o,Pack Leader
4,common,pf2e.pathfinder-npc-core,94fOoBeUT8PgTywH,Palace Guard
4,common,pf2e.pathfinder-bestiary-2,E4aJhHWyFDxgJcy9,Peryton
4,common,pf2e.pathfinder-monster-core,aj4ZJUULa7VoPYWy,Satyr
4,common,pf2e.pathfinder-bestiary,UrviURGu5o9LkhxN,Sea Devil Brute
4,common,pf2e.pathfinder-monster-core,clzHAfegb9Rn6DOe,Shadow Spawn
4,common,pf2e.pathfinder-monster-core-2,vhfeBnFTj2xm3jfH,Shae
4,common,pf2e.pathfinder-monster-core-2,RGxxXsAMHngLOsCk,Shriezyx
4,common,pf2e.pathfinder-npc-core,1jMXYVdmSPvnFfxS,Standard Bearer
4,common,pf2e.pathfinder-monster-core,zrzoj0L0ZwfCbHXr,Sweet Hag
4,common,pf2e.pathfinder-monster-core-2,kU4QpEUIx4R1sF5K,Terror Shrike
4,common,pf2e.pathfinder-npc-core,3Hv0EXBkCOcSOTfp,Tidewater Guard
4,common,pf2e.pathfinder-monster-core,JGwKk83oX4gTGlqe,Tiger
4,common,pf2e.pathfinder-npc-core,ltUwrAv3r1udJRXu,Trained Bat
4,common,pf2e.pathfinder-monster-core-2,32rUvutdQbGfF7mw,Tripkee Rain-Caller
4,common,pf2e.pathfinder-monster-core,fRjJkktWp7s8NBN7,Ugothol
4,common,pf2e.pathfinder-monster-core,dFzTXkrpoOOdbzuW,Vampire Servitor
4,common,pf2e.pathfinder-monster-core,yS0bUM8R6hb4fIx2,Weretiger
4,common,pf2e.pathfinder-npc-core,0iyGP5rLXE6NxdRr,Zealot of Asmodeus
4,uncommon,pf2e.pathfinder-bestiary-2,sMNqIHHxcVBXG08h,Cairn Wight
4,uncommon,pf2e.pathfinder-bestiary-2,sbVdWfLZ2rdPh9Ec,Carrion Golem
4,uncommon,pf2e.pathfinder-monster-core,y2w2jjs2O3gP0H5v,Coil Spy
4,uncommon,pf2e.pathfinder-monster-core,3t1z62LREP4nnIDr,Duskwalker Ghost Hunter
4,uncommon,pf2e.pathfinder-monster-core-2,fVDZrH3I8SSM6wRq,Gobmob Snake
4,uncommon,pf2e.pathfinder-monster-core-2,R2Vgjb3Mpyq6HyjM,Hellbound Attorney
4,uncommon,pf2e.pathfinder-bestiary-3,sp0CZ8B2IPw3bBVi,Huldra
4,uncommon,pf2e.pathfinder-npc-core,mYbZJQPzpXx9DfIq,Kobold Earth Diver
4,uncommon,pf2e.pathfinder-bestiary-2,xIvv8vKBa0YsTEzt,Korred
4,uncommon,pf2e.pathfinder-monster-core-2,H2awmVR3ENs0VeYg,Lovelorn
4,uncommon,pf2e.pathfinder-monster-core-2,g6sgRVXnvpjkl2KV,Nightgaunt
4,uncommon,pf2e.pathfinder-monster-core,9VMoTqyVaKc4ZR4H,Phantom Knight
4,uncommon,pf2e.pathfinder-monster-core,WNUvjcKRAqdguWfN,Poracha
4,uncommon,pf2e.pathfinder-monster-core-2,ZLqdudajQtI8dkTT,Stone Lion
4,uncommon,pf2e.pathfinder-monster-core,h3JksV9Idr9eZLkE,Werebear
4,rare,pf2e.pathfinder-bestiary-3,uP6dE5adlWJ9DrFY,Corrupted Relic
4,rare,pf2e.pathfinder-bestiary-3,RjJzLQ1nuPtKvnXU,Shabti Redeemer
5,common,pf2e.pathfinder-bestiary,gDMPUL0UiOHrUUd3,Aasimar Redeemer
5,common,pf2e.pathfinder-npc-core,14yAShROmGYdRS1Z,Advisor
5,common,pf2e.npc-gallery,K2STan8izudm9eEn,Antipaladin
5,common,pf2e.pathfinder-npc-core,hZ2ch39MaaKFKgtJ,Avuncular Professor
5,common,pf2e.pathfinder-monster-core,cRBVKMNukkRgELMs,Azuretzi
5,common,pf2e.pathfinder-bestiary,FIoRPHaHdYUPVKdT,Barbazu
5,common,pf2e.pathfinder-bestiary-2,bAaVfrdNLfFh7iHv,Basidirond
5,common,pf2e.pathfinder-monster-core,mX47c0W9rizbmMBM,Basilisk
5,common,pf2e.pathfinder-bestiary-2,hIWzgjW2E2K6ImPA,Bog Mummy
5,common,pf2e.pathfinder-monster-core,UuAvrw7KUEjOM6uN,Bogwid
5,common,pf2e.pathfinder-monster-core,6UrgCT8MwC8CeGbu,Brimorak
5,common,pf2e.pathfinder-npc-core,OuMZr5YNGlMY9SVb,Castaway
5,common,pf2e.pathfinder-monster-core-2,QgHtsAbVYswHzMC2,Catrina
5,common,pf2e.pathfinder-bestiary-3,PVstJNeHeWLU2XoK,Cecaelia Trapper
5,common,pf2e.pathfinder-npc-core,swsUKYW00lGAH55r,Champion of Rovagug
5,common,pf2e.pathfinder-bestiary,bkaDwBD3mIBgvULs,Cloaker
5,common,pf2e.pathfinder-bestiary,hNR4xZRsxUkGPI1v,Dandasuka
5,common,pf2e.pathfinder-npc-core,62L0yQBRKjnsDmzH,Demonbane Warrior
5,common,pf2e.pathfinder-npc-core,u1Np0sUKfkTxrNT1,Despot
5,common,pf2e.pathfinder-monster-core-2,AybkJlxPivzb1cJb,Dig-Widget
5,common,pf2e.pathfinder-npc-core,msItO7UjfQfWe9nZ,Dromaar Lorekeeper
5,common,pf2e.pathfinder-monster-core-2,pzCgOvNPish9QlTC,Emperor Cobra
5,common,pf2e.pathfinder-monster-core-2,TFRt64nosuS3PzmH,Ether Spider
5,common,pf2e.pathfinder-npc-core,HBcKkBXyGaWXZxSs,Fence
5,common,pf2e.pathfinder-monster-core,qlxVPpwVFw5qIVQM,Flame Drake
5,common,pf2e.pathfinder-monster-core,htK4dElL6YvFCLkz,Forest Troll
5,common,pf2e.pathfinder-monster-core,TlDmc2ZKeIAJuD5v,Giant Crawling Hand
5,common,pf2e.pathfinder-monster-core,FFnsYr2aIfDGnUVS,Giant Frilled Lizard
5,common,pf2e.pathfinder-bestiary-3,istUwJdW3Mlln2hb,Giant Hermit Crab
5,common,pf2e.pathfinder-monster-core,WamGnH8v0QHz8NFr,Giant Moray Eel
5,common,pf2e.pathfinder-bestiary,dEAneTvoPuQXZoLR,Gibbering Mouther
5,common,pf2e.pathfinder-monster-core,H9CHNiW18cRFocNO,Globster
5,common,pf2e.pathfinder-monster-core-2,28lDGjmeiGmbRilm,Gnokesh
5,common,pf2e.pathfinder-bestiary-2,F5QibbbxUeO8A3Kj,Grimstalker
5,common,pf2e.pathfinder-monster-core-2,peCOXs71JT57JLsn,Grodair
5,common,pf2e.pathfinder-monster-core,uBNm3R9wbLTPrM9i,Harpy
5,common,pf2e.pathfinder-bestiary-3,SaNOrmVDvQGX5U1D,Harpy Skeleton
5,common,pf2e.pathfinder-bestiary-3,6rtLd2rN1qd6eCqK,Hieracosphinx
5,common,pf2e.pathfinder-monster-core-2,k6Qen3uOfNSh4FH9,Hippopotamus
5,common,pf2e.pathfinder-monster-core,OCZR5r4EBUrt97Ai,Jaathoom
5,common,pf2e.pathfinder-monster-core-2,X6Avn6djuSmMPGrG,Kodama
5,common,pf2e.pathfinder-monster-core-2,j62ZpsgfHVfiRzAP,Lampad
5,common,pf2e.pathfinder-bestiary-2,T3low0wQNMO0SEtr,Leucrotta
5,common,pf2e.pathfinder-monster-core,4Ejgj6p1LAu1RAN3,Living Landslide
5,common,pf2e.pathfinder-monster-core,1AZoRkLec47xrTqY,Living Waterfall
5,common,pf2e.pathfinder-monster-core,XgGeD4fz5m7nQQlN,Living Whirlwind
5,common,pf2e.pathfinder-monster-core,pVbggIyXxCo8pPue,Living Wildfire
5,common,pf2e.pathfinder-bestiary-2,73qJxJK8ES4Tbp2k,Lurker In Light
5,common,pf2e.pathfinder-bestiary-3,lrSuRCrRjP3xBfRy,Megatherium
5,common,pf2e.pathfinder-npc-core,lX6pkCTREEzPzmuY,Mountaineer
5,common,pf2e.pathfinder-bestiary-3,kBIl96jzJjOd0LkZ,Namorrodor
5,common,pf2e.pathfinder-npc-core,BcSzGmSxCn0uWkxU,Necromancer
5,common,pf2e.pathfinder-bestiary,uQBOJfjtzEXvpLQz,Ochre Jelly
5,common,pf2e.pathfinder-monster-core-2,ou78GkBpPX59BeqL,Ogre Spider
5,common,pf2e.pathfinder-monster-core,uco1YijAEotYjdnF,Orca
5,common,pf2e.pathfinder-monster-core-2,coq1W1ZQul6DtH0b,Ostiarius
5,common,pf2e.pathfinder-monster-core-2,Bz8Sexx3bGFhE1Lq,Penanggalan
5,common,pf2e.pathfinder-npc-core,txVORfqTxVCMD75C,Plague Doctor
5,common,pf2e.pathfinder-bestiary-2,UqFObUjgFAlWrriA,Polar Bear
5,common,pf2e.pathfinder-monster-core,zpd6b6UPP72ZELCj,Poltergeist
5,common,pf2e.pathfinder-npc-core,t3z2RrO7pirntByc,Razzle Dazzler
5,common,pf2e.pathfinder-monster-core,fWAjkhQ0y50Eh2BT,Redcap
5,common,pf2e.pathfinder-monster-core-2,Fyzj8WVOlsuTWTTU,Sabosan
5,common,pf2e.pathfinder-bestiary-3,sNEvW8qBxztZcI8p,Shrine Skelm
5,common,pf2e.pathfinder-monster-core-2,C0ZmzdUNtEdXdGcL,Skaveling
5,common,pf2e.pathfinder-npc-core,liMzj39g48s8ZtIf,Sniper
5,common,pf2e.pathfinder-bestiary-3,ChzqT42N5waJZ9VS,Spiny Eurypterid
5,common,pf2e.pathfinder-npc-core,wuniRDzgL6STnyPa,Spirit Priest
5,common,pf2e.pathfinder-monster-core-2,AjEh9Mk44RleMwSR,Storm Hag
5,common,pf2e.pathfinder-monster-core-2,ANfTuWnyjZfH87QF,Tiger Topiary
5,common,pf2e.pathfinder-monster-core,C1MfXltrIJRnFaZg,Tomb Jelly
5,common,pf2e.pathfinder-npc-core,Yl6pxCXAoFECt89L,Tomb Raider
5,common,pf2e.pathfinder-npc-core,EiRyw8CAoZoEZVbt,Tournament Combatant
5,common,pf2e.pathfinder-bestiary,gvCCATlH9mPGWbsp,Troll
5,common,pf2e.pathfinder-monster-core,6yTmbDaZmrkXUJ4t,Umbral Gnome Rockwarden
5,common,pf2e.pathfinder-npc-core,CCxgC3FIPsEZqZEo,Unsanctioned Sheriff
5,common,pf2e.pathfinder-monster-core-2,Jxp6YG8S7st2MZ3p,Urdefhan Tormentor
5,common,pf2e.pathfinder-monster-core,byShcvERXQVHNaoL,Venedaemon
5,common,pf2e.pathfinder-npc-core,ylxh6qisFZuVWVaf,Veteran War Horse
5,common,pf2e.pathfinder-monster-core-2,YTG7w3V77ZfrjRIC,Vloriak
5,common,pf2e.pathfinder-monster-core,qvagIV8gqF0g3m3l,Vordine
5,common,pf2e.pathfinder-npc-core,SK7BA4K7ALWtfNBe,Watchmage
5,common,pf2e.pathfinder-monster-core,diU0V2M3LiMDMsS0,Witchwarg
5,common,pf2e.pathfinder-monster-core-2,vLYSsN8R4rRE78CU,Yamah
5,uncommon,pf2e.pathfinder-monster-core-2,bgeCbx3Gr54YaKEJ,Caligni Vanguard
5,uncommon,pf2e.pathfinder-monster-core,oZVeE7D70bHOrs1d,Cyclops
5,uncommon,pf2e.pathfinder-monster-core,qyCcr32PVcnNm4Wr,Dero Magister
5,uncommon,pf2e.pathfinder-bestiary-3,61atKNQVF73vWpqc,Divine Warden Of Nethys
5,uncommon,pf2e.pathfinder-bestiary,GyigGu36XLPV72nW,Djinni
5,uncommon,pf2e.pathfinder-bestiary-3,xHMiDdTkZA3HzVSJ,Eunemvro
5,uncommon,pf2e.pathfinder-bestiary-2,tieZOKf2qX7GsL9H,Ice Golem
5,uncommon,pf2e.pathfinder-monster-core,xTnBWwbZKbhCfHgJ,Lawbringer Warpriest
5,uncommon,pf2e.pathfinder-bestiary-3,6AvQH0XXccorLE6d,Skinstitch
5,uncommon,pf2e.pathfinder-npc-core,iJSCvkA3XQgO8GjG,Subaquatic Marauder
5,uncommon,pf2e.pathfinder-monster-core,alPZcKVrHTcMdtIU,Yeti
5,rare,pf2e.pathfinder-monster-core-2,DPPATAIrZ7rJJtJG,Stalker Automaton
5,unique,pf2e.npc-gallery,h62rHXYDTW84VGUo,Nyctessa
6,common,pf2e.pathfinder-monster-core,MXSKccQqbQqQ77Ii,Aapoph Granitescale
6,common,pf2e.pathfinder-bestiary-3,zMoJh88vXJQwSHsX,Abandoned Zealot
6,common,pf2e.pathfinder-monster-core,CYt04IKRQeiC9Ly9,Ankylosaurus
6,common,pf2e.pathfinder-bestiary,t6Xh4fHdHi2GP87z,Annis Hag
6,common,pf2e.pathfinder-monster-core,0Dsy2I3mu86Czjm0,Awakened Tree
6,common,pf2e.pathfinder-bestiary-2,Ud6Iy1GolgtwrKQK,Babau
6,common,pf2e.pathfinder-monster-core-2,36A1ktSN13zcg76g,Beetle Carapace
6,common,pf2e.pathfinder-npc-core,yr7kC9piMmRKrSop,Big Boss Goblin
6,common,pf2e.pathfinder-monster-core-2,USDlLyXSuwUwGIoo,Blizzardborn
6,common,pf2e.pathfinder-npc-core,AMkz31YZPeFVdOVR,Bone Mother
6,common,pf2e.pathfinder-bestiary-2,ZrDGTNxlISyxNAKX,Bralani
6,common,pf2e.pathfinder-monster-core-2,wTX5G19zieFnaHYD,Caligni Caller
6,common,pf2e.pathfinder-npc-core,vEdg4AXGWfet1Cgy,Captain Of The Guard
6,common,pf2e.pathfinder-npc-core,AxB7Sh2Bbt9AcDPp,Catfolk Name Collector
6,common,pf2e.pathfinder-monster-core,AZIG0COCaDBronJa,Cave Bear
6,common,pf2e.pathfinder-monster-core-2,zjt9MtcggYu1cG9i,Cave Giant
6,common,pf2e.pathfinder-monster-core-2,yHduMu4VBVUHnssz,Cavern Troll
6,common,pf2e.pathfinder-bestiary,NW1Ax1QGE9W4DmiN,Ceustodaemon
6,common,pf2e.pathfinder-monster-core,9SNpsnwlzZjH4DQf,Choral
6,common,pf2e.pathfinder-bestiary-3,EGyCQDseM9FaCl78,Chouchin-Obake
6,common,pf2e.pathfinder-bestiary,B7eLG2k7qUo8HU6O,Drider
6,common,pf2e.pathfinder-monster-core,RJFpwZIGbuOuCtXr,Elananx
6,common,pf2e.pathfinder-bestiary,skwkJmgz7mqIcStF,Ettin
6,common,pf2e.pathfinder-monster-core-2,66MUUmu8950MEXFf,Evangelist
6,common,pf2e.pathfinder-npc-core,pHaQew7IEmk198Wz,Executioner
6,common,pf2e.pathfinder-npc-core,jx5KZC2tbgJIJnOq,Gadgeteer
6,common,pf2e.pathfinder-npc-core,RQTIsAmhiMkfcgsb,Gamekeeper
6,common,pf2e.pathfinder-monster-core-2,mno9JBZ1XgEHo6m4,Giant Mosquito
6,common,pf2e.pathfinder-monster-core,4ISm82EYQeOndynw,Giant Tarantula
6,common,pf2e.pathfinder-npc-core,V2wfIJdGvD4mQ1pU,Gnome Conservationist
6,common,pf2e.pathfinder-npc-core,dgKQirSInfVaPMYq,Gourd Leshy Witch
6,common,pf2e.pathfinder-npc-core,GPRL88DEmTVn0jkY,Halfling Smuggler
6,common,pf2e.pathfinder-monster-core,xgKDQB6ZYmAutwAm,Hobgoblin General
6,common,pf2e.pathfinder-monster-core-2,KLMu7hWQWnc0Plt0,Hungry Ghost
6,common,pf2e.pathfinder-monster-core,Bkr0soTDhQq1qjWx,Hydra
6,common,pf2e.pathfinder-monster-core-2,8G5IWZdj7LG4WHPv,Iguanodon
6,common,pf2e.pathfinder-npc-core,1V3cvVmMte15i5sJ,Interrogator
6,common,pf2e.pathfinder-monster-core,lfUUnFazGLAtqRsP,Iron Hag
6,common,pf2e.pathfinder-monster-core,aYDbWuOj66nve8r4,Jungle Drake
6,common,pf2e.pathfinder-monster-core,vqYrJ33XgoeQUUle,Lamia
6,common,pf2e.pathfinder-npc-core,WzBMIigC3lfvZyhJ,Legbreaker
6,common,pf2e.pathfinder-monster-core-2,Xn65difyR7Jp4K3q,Maftet Guardian
6,common,pf2e.pathfinder-monster-core,ZeUxgpNi5AXr9pX6,Manticore (Quill Tail)
6,common,pf2e.pathfinder-monster-core,k89Kw65a4Ip2ZSGA,Manticore (Scorpion Tail)
6,common,pf2e.pathfinder-npc-core,3qDYEHtyAobpCg5r,Monster Hunter
6,common,pf2e.pathfinder-npc-core,mD4gjp3Yus8TXGUs,Mountain Guardian
6,common,pf2e.pathfinder-monster-core,XZWUQklzWF6YFPmG,Mummy Guardian
6,common,pf2e.pathfinder-monster-core,qRUqoezeEnQ2KdyT,Nightmare
6,common,pf2e.pathfinder-npc-core,UTDcZPzjM6D26MZK,Ocean Nomad
6,common,pf2e.npc-gallery,XpkGaDlyMH2V5wxR,Priest of Pharasma
6,common,pf2e.pathfinder-npc-core,DYqFgKrgZBf07NZS,Priest of Sarenrae
6,common,pf2e.pathfinder-npc-core,1GVm2vOnSKHTIvGA,Puppeteer
6,common,pf2e.pathfinder-npc-core,zqesJ7AlPM39Qqcw,Reckless Scientist
6,common,pf2e.pathfinder-monster-core,bsrQp0pLgvjJr6mC,Revenant
6,common,pf2e.pathfinder-npc-core,3R2J90R84AUgFJH2,Sage
6,common,pf2e.pathfinder-monster-core-2,wpu3AsCPAKMSvDqN,Sand Sentry
6,common,pf2e.pathfinder-monster-core,2A7jnl9tpmeTBkQy,Sargassum Heap
6,common,pf2e.pathfinder-bestiary-2,Aa652cDdKTani3DY,Scythe Tree
6,common,pf2e.pathfinder-bestiary,HFbZ580RDOG6Rxz2,Sea Devil Baron
6,common,pf2e.pathfinder-bestiary-2,tIDbOvltrFsgnwgf,Sea Drake
6,common,pf2e.pathfinder-monster-core,NAKHn3jzuaZTerir,Sedacthy Speaker
6,common,pf2e.pathfinder-bestiary,6XlGTt3RveX49YbC,Shambler
6,common,pf2e.pathfinder-npc-core,bMKM6SKTBN8M4I8K,Ship Captain
6,common,pf2e.pathfinder-bestiary-2,LtaVzD7ADtWmBWap,Skrik Nettle
6,common,pf2e.pathfinder-monster-core-2,69ymtDVWT6e8gFbW,Skull Peeler
6,common,pf2e.pathfinder-monster-core,6EgJNAJss45TQqpa,Smilodon
6,common,pf2e.pathfinder-monster-core-2,1Flhs1lWpOmAujhd,Smoke Creeper
6,common,pf2e.pathfinder-npc-core,PXukrrvpLA40chXN,Spy
6,common,pf2e.pathfinder-monster-core-2,qdelXqVZKfk1MlAB,Striding Fire
6,common,pf2e.pathfinder-monster-core-2,ekC1VHJtexh3AgVv,Sulfur Zombie
6,common,pf2e.pathfinder-npc-core,YBNskadw9c8n1E21,Tengu Bladesmith
6,common,pf2e.pathfinder-bestiary-3,ULfACJrDBnZLNBKj,Terra-Cotta Soldier
6,common,pf2e.pathfinder-monster-core-2,GOQPbXk8HZDypZzd,Verdurous Ooze
6,common,pf2e.pathfinder-npc-core,e4f7h4XJ6Hmm8jZl,Veteran Noble
6,common,pf2e.pathfinder-bestiary-2,8IyfadYYpYXBvlXN,Vrykolakas Spawn
6,common,pf2e.pathfinder-monster-core-2,NnIEe9PZHqUOmAY9,Vulpinal
6,common,pf2e.pathfinder-npc-core,UcyRCjAUf7mijca0,Warden
6,common,pf2e.pathfinder-bestiary,3OPUMuBQThM5EXjz,White Dragon (Young)
6,common,pf2e.pathfinder-bestiary,csfVqep68nYGHExr,"White Dragon (Young, Spellcaster)"
6,common,pf2e.pathfinder-monster-core-2,hj7in3ZZlTu8n4vi,Wihsaak
6,common,pf2e.pathfinder-monster-core,KgJq51AeYrENo3Db,Will-o'-Wisp
6,common,pf2e.pathfinder-bestiary-2,5l0b80kz53Ie26gq,Wood Giant
6,common,pf2e.pathfinder-monster-core,loYbh3SealeYmxai,Woolly Rhinoceros
6,common,pf2e.pathfinder-monster-core,Gu0cJHGwPd547OtC,Wraith
6,common,pf2e.pathfinder-monster-core,5iqkL9Me5164H7NY,Wyvern
6,common,pf2e.pathfinder-monster-core,EDYKUdYmilw3rgJg,Zombie Hulk
6,uncommon,pf2e.pathfinder-monster-core-2,zstEJQKVAKoMskcM,Ahuizotl
6,uncommon,pf2e.pathfinder-bestiary-2,SfPoGbcaQqPlgJ85,Baobhan Sith
6,uncommon,pf2e.pathfinder-bestiary-3,Yg7R4UgB1FjF2Euu,Bauble Beast
6,uncommon,pf2e.pathfinder-bestiary-2,nzLGh9GKCk7imto3,Blodeuwedd
6,uncommon,pf2e.pathfinder-monster-core-2,zOJAns7vq3rNPXQ4,Bodach
6,uncommon,pf2e.pathfinder-monster-core-2,7xZDgCCOkbDAv4Sm,Clockwork Soldier
6,uncommon,pf2e.pathfinder-monster-core-2,Maj1QnVcPU84O55X,Divine Warden of Pharasma
6,uncommon,pf2e.pathfinder-monster-core-2,AfubOmkdmPRctnLX,Graveknight Captain
6,uncommon,pf2e.pathfinder-monster-core-2,gUF7bigH5jyJM8AG,Hodag
6,uncommon,pf2e.pathfinder-bestiary-3,OsWFo87OQ4G67zMS,Kurobozu
6,uncommon,pf2e.pathfinder-bestiary-2,DEo5AEY1i9s0kWYZ,Lunar Naga
6,uncommon,pf2e.pathfinder-monster-core-2,WmLoggAiAGBUZDSZ,Mi-Go
6,uncommon,pf2e.pathfinder-monster-core-2,V6CX3rQPq8iqQccW,Owb
6,uncommon,pf2e.pathfinder-monster-core,yj2nhIS8ZsAJh2l5,Rhu-Chalik
6,uncommon,pf2e.pathfinder-npc-core,SHQHNG2o1T172Qm4,Rocketeer
6,uncommon,pf2e.pathfinder-bestiary-3,mupW1Mgec250lQiZ,Umasi
6,uncommon,pf2e.pathfinder-monster-core,pPQyoQHTxrE2U7px,Vampire Count
6,uncommon,pf2e.pathfinder-monster-core-2,AEa3tvzinib5eaIo,Witchwyrd
6,uncommon,pf2e.pathfinder-bestiary-2,7UBCht1tQfeba2Ih,Wood Golem
6,uncommon,pf2e.pathfinder-bestiary-2,cd2IaNGpdmHHZnrN,Xill
6,uncommon,pf2e.pathfinder-monster-core,vVs0N3mcWYHsyccc,Zecui
6,rare,pf2e.pathfinder-bestiary-3,ilGMPBvjT9ovIiXB,Gurgist Mauler
7,common,pf2e.pathfinder-monster-core,Re7B1kEJMFlgpaSc,Aesra
7,common,pf2e.pathfinder-monster-core-2,RfpphckQI1o3qOWO,Allosaurus
7,common,pf2e.pathfinder-monster-core-2,9Gex7SavD3YJDPBs,Arboreal Reaper
7,common,pf2e.pathfinder-monster-core,jTszZSs0K6vOqidM,Azarketi Tide Tamer
7,common,pf2e.pathfinder-bestiary,v0GZ6zDWhD1Y3xs9,Black Dragon (Young)
7,common,pf2e.pathfinder-bestiary,kR1wGS61ubIpH8A6,"Black Dragon (Young, Spellcaster)"
7,common,pf2e.pathfinder-bestiary,saEPHCN5lDiylb5H,Black Pudding
7,common,pf2e.pathfinder-bestiary,uA0cv4OT5mQnym0V,Brass Dragon (Young)
7,common,pf2e.pathfinder-bestiary,fcE9PgnC82e9haL5,"Brass Dragon (Young, Spellcaster)"
7,common,pf2e.pathfinder-npc-core,RSwVjNvidoFL7SaJ,Champion of Shelyn
7,common,pf2e.pathfinder-bestiary,aD76W2uEQhFFUrom,Chuul
7,common,pf2e.pathfinder-monster-core,VbN33np2jBfaxhAz,Coarti
7,common,pf2e.pathfinder-monster-core,aCTOWweRtjucLmfe,Con Rit
7,common,pf2e.pathfinder-npc-core,MKwLXGzr48qU0hZR,Cult Leader
7,common,pf2e.pathfinder-npc-core,FTqAUF89sIKC0qPm,Dedicated Druid
7,common,pf2e.pathfinder-npc-core,hR9n5d0tfyOkeZFb,Demonologist
7,common,pf2e.pathfinder-npc-core,MxcprNbX7hcpAU8p,Departmental Chair
7,common,pf2e.pathfinder-monster-core-2,czYNR3AktDDQYDUB,Elasmosaurus
7,common,pf2e.pathfinder-monster-core,1x0BdpVQLX7o3rrA,Elephant
7,common,pf2e.pathfinder-bestiary-3,FOG8qK1bWVxp7vmE,Empress Bore Worm
7,common,pf2e.pathfinder-bestiary-3,Rgy8OyRY5szgE6d0,Empress Ice Worm
7,common,pf2e.pathfinder-bestiary-3,YsgpbtWVT3q0OLWv,Empress Lava Worm
7,common,pf2e.pathfinder-bestiary-3,JGpz9B0QkkAcHT4e,Empress Mage-Eater Worm
7,common,pf2e.pathfinder-bestiary-3,XnHmGsR7bQCHTMdA,Empress Necral Worm
7,common,pf2e.pathfinder-npc-core,KOgFliu3yM3avhv5,Experienced Hound
7,common,pf2e.pathfinder-npc-core,kbZstaIc8R4Ce9A3,Fleshwarper
7,common,pf2e.pathfinder-monster-core,2SixuEUfKpEyfOEY,Frost Drake
7,common,pf2e.pathfinder-npc-core,AdZ4EklEmpHViycl,Gang Leader
7,common,pf2e.pathfinder-monster-core,I00S3LWnDJfCn4zv,Giant Animated Statue
7,common,pf2e.pathfinder-monster-core-2,klE1DOebNsmqmmzh,Giant Jellyfish
7,common,pf2e.pathfinder-monster-core,5meW7DytYnF7Iq2V,Greater Shadow
7,common,pf2e.pathfinder-npc-core,9EzCOBw3rMsyfr5Q,Halfling Yarnspinner
7,common,pf2e.pathfinder-monster-core-2,U0pKGj1yJemGAXyc,Hellcat
7,common,pf2e.pathfinder-bestiary,aqW5sp9HPgZgpXxs,Hill Giant
7,common,pf2e.pathfinder-npc-core,XqIKuHK4R6yFOKbs,Hunter
7,common,pf2e.pathfinder-monster-core-2,gdr3v0rBehOKnh82,Hārakasura
7,common,pf2e.pathfinder-bestiary-2,M2BkGD9YwEmCvD9D,Invidiak
7,common,pf2e.pathfinder-monster-core,WDBGcfNArKSpN7z0,Jabali
7,common,pf2e.pathfinder-monster-core,hmcXFrf8xwrYQIg6,Kanya
7,common,pf2e.pathfinder-npc-core,w7mf2yC3rE3CjGD5,Kholo Outrider
7,common,pf2e.pathfinder-npc-core,fSwCwS75z9FeUazU,Knight
7,common,pf2e.pathfinder-bestiary,gztjujplfVCBVXv0,Lantern Archon (Gestalt)
7,common,pf2e.pathfinder-bestiary,4B47SUq57pcl3U9u,Legion Archon
7,common,pf2e.pathfinder-monster-core-2,g2UXJD84mrssh4tc,Levaloch
7,common,pf2e.pathfinder-monster-core,EWYXtfIQYhUbWK4R,Living Tar
7,common,pf2e.pathfinder-npc-core,G2AJ9Ya7QG7ebNPO,Master of Disguise
7,common,pf2e.pathfinder-monster-core,QCPpQya5TEUuIxQn,Medusa
7,common,pf2e.pathfinder-monster-core-2,XmuMPoHv108sHJOu,Megalania
7,common,pf2e.pathfinder-npc-core,2hBS767YPGZwXeiP,Mixed Martial Artist
7,common,pf2e.pathfinder-monster-core-2,zzQEec5eoMKRCcnx,Narrik
7,common,pf2e.pathfinder-monster-core-2,JumkQRD1Cn4TF5XS,Naunet
7,common,pf2e.pathfinder-monster-core,oopxVowT2jnUQJiS,Ogre Boss
7,common,pf2e.pathfinder-monster-core,7Uf4Q9w3dCDEV30e,Omen Dragon (Young)
7,common,pf2e.pathfinder-monster-core,IKmiLv4ZNiLD10zv,"Omen Dragon (Young, Spellcaster)"
7,common,pf2e.pathfinder-monster-core-2,D4apkwiUo5Rb6TFr,Pairaka
7,common,pf2e.pathfinder-monster-core,HKXa9E91WLy6dAZA,Phade
7,common,pf2e.pathfinder-monster-core-2,yUzeqpglgpcn34Yc,Praskith
7,common,pf2e.pathfinder-monster-core,1ZRHjuGOluR4IUrs,Pukwudgie
7,common,pf2e.pathfinder-monster-core,dfshMY9yEEXOUoMo,Quatoid
7,common,pf2e.pathfinder-bestiary,Jgh0WGVetNXi5jlM,Quatoid
7,common,pf2e.pathfinder-monster-core,a4LgD3NrgkiINvru,Quetzalcoatlus
7,common,pf2e.pathfinder-bestiary,CHIh3vMssFixUlw8,Salamander
7,common,pf2e.pathfinder-monster-core,V4rVnbjJbcOIdC4Z,Skeletal Hulk
7,common,pf2e.pathfinder-bestiary-2,HNEUSYnInffvGPHK,Specter
7,common,pf2e.pathfinder-bestiary-2,MDdbC8XDUPFg4FCv,Spriggan Warlord
7,common,pf2e.pathfinder-monster-core,qtJ36jlcRQw5sBnr,Stegosaurus
7,common,pf2e.pathfinder-bestiary-2,yBglC9GBy6p1x87t,Tendriculos
7,common,pf2e.pathfinder-monster-core-2,JJOscf3TNaZQ6AW1,Theletos
7,common,pf2e.pathfinder-npc-core,fh7fcZjLGqih2m9J,Therapeutic Healer
7,common,pf2e.pathfinder-bestiary-3,nIXWanjtyklfwH7u,Tiddalik
7,common,pf2e.pathfinder-monster-core-2,Bg9QWIRHTPIsKKyy,Totenmaske
7,common,pf2e.pathfinder-npc-core,bQsdRYWGcUvXdp5G,Tripkee Fiend-Keeper
7,common,pf2e.pathfinder-monster-core-2,FxGtlYqs1bRrpAuZ,Tupilaq
7,common,pf2e.pathfinder-monster-core,74TxKGaW7RPzTdbm,Vanth
7,common,pf2e.pathfinder-monster-core-2,X4zhNBhgxE74TPb5,Whisper Dragon (Young)
7,common,pf2e.pathfinder-monster-core-2,fLnF7AuWNJx78Oe9,"Whisper Dragon (Young, Spellcaster)"
7,common,pf2e.pathfinder-monster-core-2,MrDjKHDkUS9UMjEL,Winter Hag
7,common,pf2e.pathfinder-bestiary,4npwV3fuBm3sBCPG,Xorn
7,common,pf2e.pathfinder-bestiary-3,oR8cm0Aj5FIDF67w,Zetogeki
7,uncommon,pf2e.pathfinder-bestiary,tuIqEvsct8EO33xs,Alghollthu Master
7,uncommon,pf2e.pathfinder-monster-core-2,RcUtyItT8AAKVpXM,Aqudel
7,uncommon,pf2e.pathfinder-bestiary-3,sgZGrUQrfH3QPdXF,Caulborn
7,uncommon,pf2e.pathfinder-bestiary-2,coNTMrHerjBIf2ig,Culdewen
7,uncommon,pf2e.pathfinder-bestiary,0MOWKI97bgGDf5Xi,Dark Naga
7,uncommon,pf2e.pathfinder-monster-core-2,MAxlGSzjsTYi1w6c,Drainberry Bush
7,uncommon,pf2e.pathfinder-monster-core,GNwLVbfFx8EPz7xO,Dullahan
7,uncommon,pf2e.pathfinder-monster-core-2,Of7WVNrWgvkwctfE,Dweomercat
7,uncommon,pf2e.pathfinder-bestiary,DlRe4c2XlBSpwmms,Greater Barghest
7,uncommon,pf2e.pathfinder-bestiary-3,QyuUubTtR38kafue,Manticore Paaridar
7,uncommon,pf2e.pathfinder-monster-core,H8lGFF3PKUv2yRL2,Naiad Queen
7,uncommon,pf2e.pathfinder-bestiary,Zbvh6ChdD0TWv257,Remorhaz
7,uncommon,pf2e.pathfinder-bestiary,xqnl2eFzy5H2NZoQ,Shaitan
7,uncommon,pf2e.pathfinder-bestiary-2,wByXwxI5r7YRlkAK,Shoggti
7,uncommon,pf2e.pathfinder-monster-core,CYyxzpymkIZxX4Zo,Smaranava
7,uncommon,pf2e.pathfinder-bestiary-2,SY8pvLPqc2EgP9Xj,Soul Eater
7,uncommon,pf2e.pathfinder-monster-core-2,7kiT6lveGXWzNo23,Stygira
7,uncommon,pf2e.pathfinder-monster-core,md1fhwGMwDv4NNwO,Succubus
7,rare,pf2e.pathfinder-bestiary-3,qvVmYuERMib26Atc,Crossroads Guardian
7,rare,pf2e.pathfinder-bestiary-3,kU0ZXzbHqHUIND6m,Fortune Eater
7,rare,pf2e.pathfinder-npc-core,ow76NqtsZUhZMf9f,Gunwitch
7,rare,pf2e.pathfinder-bestiary-2,JgePINrFINmlsvn3,Hound Of Tindalos
7,rare,pf2e.pathfinder-monster-core-2,QIRi0t71ejowE10b,Hound of Tindalos
7,rare,pf2e.pathfinder-bestiary-3,8lQf8PNcJvxwmqLd,Kirin
7,rare,pf2e.pathfinder-bestiary-3,L5cNazEKC5gASp41,Mothman
7,rare,pf2e.pathfinder-monster-core-2,NE7DrsBhrbZfRz1Z,Sceaduinar
7,rare,pf2e.pathfinder-monster-core-2,AEIZnjIGnqkYIeQo,Slithering Pit
8,common,pf2e.pathfinder-bestiary-2,aATQbGnSA0KOWG53,Anancus
8,common,pf2e.pathfinder-bestiary-3,JD5sD7vwwlU2DwJI,Angazhani
8,common,pf2e.pathfinder-monster-core,z2l8K7woKYPkm0qz,Arboreal Regent
8,common,pf2e.pathfinder-npc-core,jOASgCgSyk3enLfP,Assassin
8,common,pf2e.pathfinder-monster-core,7v1gykqjBO1YHDfu,Axiomite
8,common,pf2e.pathfinder-monster-core,Q1wybC7rSc4MIF9g,Balisse
8,common,pf2e.pathfinder-bestiary-2,6wpHJXze0RLxl780,Behir
8,common,pf2e.pathfinder-monster-core-2,Jbc4BC6wv9GLtoY7,Blood Hag
8,common,pf2e.pathfinder-bestiary,CzxQpB3p0d9hwPeR,Bulette
8,common,pf2e.pathfinder-monster-core,DQbHmsmYuodcQ2KC,Conspirator Dragon (Young)
8,common,pf2e.pathfinder-monster-core,YHoXWNZhIaZWdq0Y,"Conspirator Dragon (Young, Spellcaster)"
8,common,pf2e.pathfinder-bestiary,3W2PMV6IbVdouOB1,Copper Dragon (Young)
8,common,pf2e.pathfinder-bestiary,pzG7Od1aHj0DkTzS,"Copper Dragon (Young, Spellcaster)"
8,common,pf2e.pathfinder-monster-core-2,wjcBIL5AuLGaYYXV,Coral Dragon (Young)
8,common,pf2e.pathfinder-monster-core-2,9KX6dFXIS22jaSfi,"Coral Dragon (Young, Spellcaster)"
8,common,pf2e.pathfinder-monster-core-2,RLpV0XLGZJWjtEYT,Denizen of Leng
8,common,pf2e.pathfinder-monster-core,irl1wnfk4b83JWkY,Desert Drake
8,common,pf2e.pathfinder-bestiary-2,xUtl7Nkb6iJpPUMK,Destrachan
8,common,pf2e.pathfinder-npc-core,g4SvRClK7ftg3kSD,Drill Sergeant
8,common,pf2e.pathfinder-npc-core,T5WxYghxUxqHgyl4,Dwarf General
8,common,pf2e.pathfinder-bestiary,ETNlci6VnSthx5V6,Erinys
8,common,pf2e.pathfinder-npc-core,bzRxQ0Z317yeCUE5,Gendarme
8,common,pf2e.pathfinder-monster-core,XDNJSVxOOryeuN44,Giant Anaconda
8,common,pf2e.pathfinder-monster-core,k5p4mRDT26DrDXPA,Giant Octopus
8,common,pf2e.pathfinder-bestiary-2,g1htYgARxNKxc7MV,Giant Slug
8,common,pf2e.pathfinder-monster-core-2,Eqyg78faM4mqIoh5,Girtablilu Sentry
8,common,pf2e.pathfinder-monster-core-2,HZHEXtTSAxAC01N4,Golem
8,common,pf2e.pathfinder-monster-core-2,oo6wVzEKDYTb62Ai,Granite Glyptodont
8,common,pf2e.pathfinder-bestiary,xZQIChzzIYbNIEoT,Green Dragon (Young)
8,common,pf2e.pathfinder-bestiary,5XtCOknYJuEl4SfD,"Green Dragon (Young, Spellcaster)"
8,common,pf2e.pathfinder-npc-core,fadWrz7SnifBx4yz,Guildmaster
8,common,pf2e.pathfinder-npc-core,PoH1pKba7YEqgWVn,Hobgoblin Vanguard
8,common,pf2e.pathfinder-monster-core,5lbXQ6MSn4AndglU,Horned Dragon (Young)
8,common,pf2e.pathfinder-monster-core,wdHIc6Tg1OBMGaK5,"Horned Dragon (Young, Spellcaster)"
8,common,pf2e.pathfinder-bestiary-3,dtkq45qf18bENXBd,Kishi
8,common,pf2e.pathfinder-monster-core,f15mNNhOT3aq66VQ,Krooth
8,common,pf2e.pathfinder-monster-core,0qaGLx8ads9blcfS,Lamia Matriarch
8,common,pf2e.pathfinder-npc-core,NKSglx8RnXfuhb3m,Lucky Courser
8,common,pf2e.pathfinder-npc-core,P8Rd7OxbsyH9GmNM,Mage Killer
8,common,pf2e.pathfinder-monster-core-2,tlz1pWkPehmFj6YS,Magma Scorpion
8,common,pf2e.pathfinder-monster-core,tuuSayyL0A5R6hZh,Marsh Giant
8,common,pf2e.pathfinder-monster-core,pyTr1VOPrPYH8UNg,Megaprimatus
8,common,pf2e.pathfinder-bestiary-2,OaNtHZAraCrVLuSo,Mohrg
8,common,pf2e.pathfinder-monster-core,yVS5i5U28fQyGz99,Mountain Oni
8,common,pf2e.pathfinder-bestiary-2,jQ7zBVDCEhuMOOTl,Nabasu
8,common,pf2e.pathfinder-bestiary-2,7EppoGdIcmd0AV9B,Onidoshi
8,common,pf2e.pathfinder-bestiary-3,xnrXf66rFvAfyhE9,Palace Skelm
8,common,pf2e.pathfinder-monster-core-2,kOwaB2H8v9c2BXGf,Procyal
8,common,pf2e.pathfinder-monster-core-2,EhDNktwbMsq9C4yl,Resurrection Dragon (Young)
8,common,pf2e.pathfinder-monster-core-2,mGgYxXQN0vQR60Gt,"Resurrection Dragon (Young, Spellcaster)"
8,common,pf2e.pathfinder-monster-core,UMlGhyoHMvhVW6kv,Sarglagon
8,common,pf2e.pathfinder-npc-core,OF4s2rErk7xHgZU1,Skin Shifter
8,common,pf2e.pathfinder-monster-core,rdgs2gxTWxkyanD6,Sphinx
8,common,pf2e.pathfinder-monster-core,zT3fSxNatEbrkCzN,Stone Giant
8,common,pf2e.pathfinder-monster-core,zAxKR8XWtQm2rqh4,Triceratops
8,common,pf2e.pathfinder-monster-core-2,s6A2tdZ3r3uOLca1,Tylosaurus
8,common,pf2e.pathfinder-npc-core,gIjhrY21iwTApvXT,Woolly Wrangler
8,uncommon,pf2e.pathfinder-monster-core-2,XJeAmfO0gB6JYALJ,Aigamuxa
8,uncommon,pf2e.pathfinder-monster-core-2,r3PNRpEir4BVjnCC,Animate Dream
8,uncommon,pf2e.pathfinder-monster-core,qYw2ToefDK5Vrwgu,Ankhrav Hive Mother
8,uncommon,pf2e.pathfinder-bestiary-2,jCJUvzs1FaL6PAkq,Bodak
8,uncommon,pf2e.pathfinder-monster-core,SMLMW81mKN5VlcVV,Bone Prophet
8,uncommon,pf2e.pathfinder-monster-core,GUjtk2h6Yj0NKifF,Charnel Creation
8,uncommon,pf2e.pathfinder-monster-core,bVn0EUj4xrOWjtna,Chimera
8,uncommon,pf2e.pathfinder-npc-core,3edjm6pFh3JhZHah,Dynamo
8,uncommon,pf2e.pathfinder-bestiary,sNFBOw4z9KagWUHe,Flesh Golem
8,uncommon,pf2e.pathfinder-monster-core,wvP8zBmI0PDO1Uq2,Giant Hippocampus
8,uncommon,pf2e.pathfinder-bestiary-2,ABMn623izSLHA0sx,Glass Golem
8,uncommon,pf2e.pathfinder-bestiary-2,cmuCFkXdn1JuVTK4,Gorgon
8,uncommon,pf2e.pathfinder-monster-core,ZlAzJNsHYz1ZtMVK,Greater Herexen
8,uncommon,pf2e.pathfinder-bestiary-3,GHv9BN8JQEPJVp5n,Guecubu
8,uncommon,pf2e.pathfinder-monster-core-2,OKoayj8C936nmmd0,Hadrinnex
8,uncommon,pf2e.pathfinder-bestiary-2,OFHr8UhsBOOgj0ef,Intellect Devourer
8,uncommon,pf2e.pathfinder-monster-core,YUI465JYqM65iimj,Jah-Tohl
8,uncommon,pf2e.pathfinder-monster-core-2,B9XWYO1yD0VFXphr,Mix Coatl
8,uncommon,pf2e.pathfinder-bestiary-2,wqsmnoby2n3BOvKu,Moonflower
8,uncommon,pf2e.pathfinder-monster-core-2,nzlBAi0k8n5Mzbzk,Nosferatu Thrall
8,uncommon,pf2e.pathfinder-monster-core,YAGc6gQ5VrvWyR37,Phantom Beast
8,uncommon,pf2e.pathfinder-bestiary-3,HhuHFmaq69ekSgEl,Shantak
8,uncommon,pf2e.pathfinder-monster-core-2,1LBt5H8GekcuzDHw,Two-Headed Troll
8,uncommon,pf2e.pathfinder-monster-core,mpkGWfPHmwAYPYJH,Xoarian
8,rare,pf2e.pathfinder-bestiary-3,324ZRtmDYulbw0CM,Lifeleecher Brawler
8,rare,pf2e.pathfinder-bestiary-2,YFvur5htRwt9EfQs,Sandpoint Devil
8,rare,pf2e.pathfinder-npc-core,iexsv5iflfbqj8po,Wealthy Vigilante
9,common,pf2e.pathfinder-npc-core,u1coIGvOeO8XZjKu,Accuser Agent
9,common,pf2e.pathfinder-monster-core,CXoAvRxBt3bJ5IZQ,Adamantine Dragon (Young)
9,common,pf2e.pathfinder-monster-core,YV83qiV7nEtVDPEP,"Adamantine Dragon (Young, Spellcaster)"
9,common,pf2e.pathfinder-monster-core-2,P3jFBFnHhjl6VsLd,Animated Furnace
9,common,pf2e.pathfinder-bestiary-2,zjPdqdQGNjO3Kto7,Aurumvorax
9,common,pf2e.pathfinder-bestiary-3,an7tww93Y4pQ8HP6,Baykok
9,common,pf2e.pathfinder-monster-core-2,vLgNUa2zB9FPwfhB,Blood Painter
9,common,pf2e.pathfinder-bestiary,ar0tszs8NAgQamHX,Blue Dragon (Young)
9,common,pf2e.pathfinder-bestiary,fd3Bf10lloqMg2jW,"Blue Dragon (Young, Spellcaster)"
9,common,pf2e.pathfinder-bestiary,uQOTCiHslczvrNpt,Bronze Dragon (Young)
9,common,pf2e.pathfinder-bestiary,fsdCVADRbLxpBVT8,"Bronze Dragon (Young, Spellcaster)"
9,common,pf2e.pathfinder-monster-core,kngoPtu4Cr3BtgW8,Cuckoo Hag
9,common,pf2e.pathfinder-monster-core,xC6v5Ef8mDt05QFK,Deinosuchus
9,common,pf2e.pathfinder-monster-core-2,D1P14zfFcD1Y0vXe,Desert Giant
9,common,pf2e.pathfinder-monster-core-2,Z3qKSY1HK2wP9UVl,Despair Dragon (Young)
9,common,pf2e.pathfinder-monster-core-2,t2IZHTaoFiZM3sxV,"Despair Dragon (Young, Spellcaster)"
9,common,pf2e.pathfinder-monster-core,9qlccWxGFcQmgL3h,Doldrums Heap
9,common,pf2e.pathfinder-monster-core,kLhBdqKOMHDGjdFz,Dragon Turtle
9,common,pf2e.pathfinder-bestiary,SUpy8sleRwi2Egsq,Drakauthix
9,common,pf2e.pathfinder-npc-core,Dd7E7pMKxPhrXaa8,Expedition Leader
9,common,pf2e.pathfinder-monster-core,CAEdqhfZDfMLmEyS,Faydhaan
9,common,pf2e.pathfinder-monster-core,MX2cLbODuo4gECPJ,Firewyrm
9,common,pf2e.pathfinder-monster-core,893mp411SdYren3H,Frost Giant
9,common,pf2e.pathfinder-bestiary-3,wv0hiJIGQjTU1pnO,Galvo
9,common,pf2e.pathfinder-monster-core-2,ej7H1ft2CNCIsTMg,Garuda
9,common,pf2e.pathfinder-bestiary-2,fVvRASaKa6SkQkYG,Giant Snapping Turtle
9,common,pf2e.pathfinder-bestiary-2,32HHvah2Ji6FjJnM,Giant Squid
9,common,pf2e.pathfinder-monster-core,15TyWlbDQWNjMKeL,Greater Hell Hound
9,common,pf2e.pathfinder-monster-core-2,cEHRuzsGF73PVT3P,Hesperid
9,common,pf2e.pathfinder-npc-core,deQ6Vg46CS6GTu7J,High Priest of Pharasma
9,common,pf2e.pathfinder-npc-core,XmWD4T7LcpvNkq6b,Humanitarian Hermit
9,common,pf2e.pathfinder-monster-core,oKaewcA4gu3fbSVP,Ifrit
9,common,pf2e.pathfinder-monster-core,DEZNEMDhWXvv7BrT,Irnakurse
9,common,pf2e.pathfinder-monster-core-2,VeCpLJCnBiHAwfCg,Jyoti
9,common,pf2e.pathfinder-monster-core-2,H9P2QB311Qi5IwUo,Khravgodon
9,common,pf2e.pathfinder-monster-core-2,c21HwKyf4IKgMfcv,Kithangian
9,common,pf2e.pathfinder-monster-core,bb5Z4z4EHb5LbCLK,Leukodaemon
9,common,pf2e.pathfinder-bestiary-2,ZBTqN3DNjdreXCu7,Mastodon
9,common,pf2e.pathfinder-monster-core,8JbgbskxcU0EloJX,Mirage Dragon (Young)
9,common,pf2e.pathfinder-monster-core,tbqcZG0lOoUVhNfn,"Mirage Dragon (Young, Spellcaster)"
9,common,pf2e.pathfinder-bestiary,WQy7HBUcgDLsfVJd,Night Hag
9,common,pf2e.pathfinder-monster-core,dY1wqHKN6PV4oJ07,Nuckelavee
9,common,pf2e.pathfinder-bestiary-2,xjV0TmPNfKR7UcKu,Osyluth
9,common,pf2e.pathfinder-monster-core-2,vDYawEVRlCxiIp5k,Pakalchi
9,common,pf2e.pathfinder-monster-core-2,Akp3E1BEO0pTsTWY,Phase Dragon (Young)
9,common,pf2e.pathfinder-monster-core-2,6QFK9rCUdHPlTKfv,"Phase Dragon (Young, Spellcaster)"
9,common,pf2e.pathfinder-monster-core,S67oZ1mvVNz9FTUE,Roc
9,common,pf2e.pathfinder-monster-core-2,SQVXMMEaEu9wun3Q,Shoki
9,common,pf2e.pathfinder-monster-core,ToteDLIM7jCyHwDH,Stone Mauler
9,common,pf2e.pathfinder-bestiary,LUtSo30fQWj7mrDn,Storm Lord
9,common,pf2e.pathfinder-monster-core-2,lnaGhOB5LdNb7xB1,Tennin
9,common,pf2e.pathfinder-bestiary,6UczvqBDlGNXcIlW,Tidal Master
9,common,pf2e.pathfinder-bestiary-2,n1jTYFRCaqF1nQrf,Titan Centipede
9,common,pf2e.pathfinder-npc-core,8LPVBXx8oIdXiNYQ,Traveling Priest of Desna
9,common,pf2e.pathfinder-monster-core-2,SpvzECYhPp7rKLA1,Tyrannosaurus Skeleton
9,common,pf2e.pathfinder-monster-core,mOr6eIUhNuggjCKH,Vescavor Queen
9,common,pf2e.pathfinder-bestiary,4cPw8hZwW6uvyzvh,Vrock
9,common,pf2e.pathfinder-monster-core-2,ZQ7lS9TYOFv07m1a,War Wraith
9,common,pf2e.pathfinder-bestiary-2,9sUx2sV4E7Sy3vJT,Zelekhut
9,common,pf2e.pathfinder-monster-core-2,fCsCDQAH23UOtECx,Zombie Dragon
9,uncommon,pf2e.pathfinder-bestiary,Tpuqwt6Af29EMtqX,Alchemical Golem
9,uncommon,pf2e.pathfinder-bestiary-2,zzu3q9m4kJzgnNfl,Black Dracolisk
9,uncommon,pf2e.pathfinder-bestiary-2,4x9trDSABU5dqq9w,Blue Dracolisk
9,uncommon,pf2e.pathfinder-monster-core-2,wHtddmyDuL1l2E6I,Clockwork Mage
9,uncommon,pf2e.pathfinder-bestiary,c0zqasudrwZU3fdw,Efreeti
9,uncommon,pf2e.pathfinder-bestiary-2,GvjCh1Q6NEXnBHcD,Green Dracolisk
9,uncommon,pf2e.pathfinder-npc-core,cNXg1uiwM9Dafdko,Iruxi Masked Mummer
9,uncommon,pf2e.pathfinder-bestiary,cuET2PHGcE7eL7DJ,Marid
9,uncommon,pf2e.pathfinder-monster-core,9rXYGu7D3umIW1sv,Megalodon
9,uncommon,pf2e.pathfinder-bestiary-3,CYzFHz8ZbU270z9N,Mokele-Mbembe
9,uncommon,pf2e.pathfinder-monster-core,eqHTr6Wj1JadHSa1,Noxious Needler
9,uncommon,pf2e.pathfinder-bestiary-2,kIzBE6VaHQbJ3kdx,Red Dracolisk
9,uncommon,pf2e.pathfinder-bestiary-3,QWx9cIVUeP7dMOez,Roiling Incant (Evocation)
9,uncommon,pf2e.pathfinder-bestiary-2,h4SZ3U9at7aT0ASv,Spirit Naga
9,uncommon,pf2e.pathfinder-monster-core-2,m5RPM69TunmznsUq,Strix Aerialist
9,uncommon,pf2e.pathfinder-monster-core-2,zGdsQWq6uHjE7TSx,Tikbalang
9,uncommon,pf2e.pathfinder-bestiary-2,DM5js1XSiuiPAf3t,White Dracolisk
9,uncommon,pf2e.pathfinder-bestiary-2,6xioRweZ0T4o4X9e,Witchfire
9,rare,pf2e.pathfinder-bestiary-3,JHrINFX7a7fYhP4w,Gliminal
9,rare,pf2e.pathfinder-npc-core,JfAyvn0mKWptD9xr,Mirror Seer
9,rare,pf2e.pathfinder-monster-core,Ro49rEZwBLkkoEKE,Mummy Pharaoh
9,rare,pf2e.pathfinder-monster-core,TZt3H39oxVdZRKs9,Vampire Mastermind
9,rare,pf2e.pathfinder-bestiary-3,oE52gEbyrF4Dl3Go,Yithian
10,common,pf2e.pathfinder-monster-core-2,Zaixy2G1NHnaYhEo,Adlet
10,common,pf2e.pathfinder-npc-core,xMDUgVCByn9VA0zC,Beast Eidolon
10,common,pf2e.pathfinder-bestiary-2,vg3nE7p855SXkXbz,Bebilith
10,common,pf2e.pathfinder-monster-core-2,c8kb958djPh4wXj5,Behemoth Hippopotamus
10,common,pf2e.pathfinder-monster-core,wy8Ve0m3wbHMo1U1,Brontosaurus
10,common,pf2e.pathfinder-monster-core-2,vj3LHkt40wGtJ3W1,Cinder Dragon (Young)
10,common,pf2e.pathfinder-monster-core-2,lnINJvSfYcw2YV0G,"Cinder Dragon (Young, Spellcaster)"
10,common,pf2e.pathfinder-npc-core,xvZvI0oFFOTaBO6L,Court Jester
10,common,pf2e.pathfinder-monster-core,jR4E2I2tmQ6sd5DR,Dezullon
10,common,pf2e.pathfinder-monster-core-2,jgTjzUA2nJKYY2Tu,Einherji
10,common,pf2e.pathfinder-monster-core,6IBevff4lJOFl539,Empyreal Dragon (Young)
10,common,pf2e.pathfinder-monster-core,3wzvIQuxIaJU3JVO,"Empyreal Dragon (Young, Spellcaster)"
10,common,pf2e.pathfinder-npc-core,oTKuWWYyWyfy599O,Exiled Revolutionary
10,common,pf2e.pathfinder-monster-core-2,1BIrNW4L32e9fTFF,Feathered Bear
10,common,pf2e.pathfinder-monster-core,rEDhI2oI4TqTICN2,Fire Giant
10,common,pf2e.pathfinder-monster-core,qtwhQEehDrMoWusV,Fortune Dragon (Young)
10,common,pf2e.pathfinder-monster-core,BvYVgvlTcRbim4Xb,"Fortune Dragon (Young, Spellcaster)"
10,common,pf2e.pathfinder-bestiary-2,xdIHvCBspeSXRL6A,Ghonhatine
10,common,pf2e.pathfinder-monster-core,LN7MXD38Zs2bDoW6,Ghost Mage
10,common,pf2e.pathfinder-monster-core,ka7bXO7HIfBxk8Gy,Giant Flytrap
10,common,pf2e.pathfinder-npc-core,ADbAoVOiHrRFYtkW,God Caller
10,common,pf2e.pathfinder-monster-core,MCgSMT680ic6kr5k,Graveknight
10,common,pf2e.pathfinder-monster-core-2,QLyDRZPvMsYGZEeN,Gug
10,common,pf2e.pathfinder-monster-core-2,zEystWZ5lvDsnTqF,Icewyrm
10,common,pf2e.pathfinder-monster-core-2,GiQhtWnKBE90D3Lr,Imentesh
10,common,pf2e.pathfinder-npc-core,0cj7cQhgNnLxbUmR,Mage Knight
10,common,pf2e.pathfinder-monster-core,jkp7THTZMc0ivN8Y,Mammoth
10,common,pf2e.pathfinder-bestiary-2,hvoIxruNUei1auQT,Melody On The Wind
10,common,pf2e.pathfinder-monster-core-2,OsBQYnlQxDgVNxWp,Melody on the Wind
10,common,pf2e.pathfinder-monster-core-2,TQtISRsI3FI2ddBR,Mobogo
10,common,pf2e.pathfinder-bestiary-2,nSDXAfFOF2gEKmkM,Movanic Deva
10,common,pf2e.pathfinder-bestiary-2,FHnWzK7DsniqZWzG,Nereid
10,common,pf2e.pathfinder-monster-core,D2Pe38jYbeBxUaxU,Nilith
10,common,pf2e.pathfinder-monster-core,2jtRdYo9ey7osDUH,Ofalth
10,common,pf2e.pathfinder-npc-core,A4XWtiK4iStEDAUu,Orc Veteran Master
10,common,pf2e.pathfinder-bestiary-2,drtCZDDoESPSUqH7,Peluda
10,common,pf2e.pathfinder-monster-core,3QyqHIuAXE3YVLUh,Phistophilus
10,common,pf2e.pathfinder-bestiary-2,nxR3nseHT01YmOQo,Piscodaemon
10,common,pf2e.pathfinder-bestiary,hOXpmWmXU8N3n4Bw,Raja Rakshasa
10,common,pf2e.pathfinder-monster-core,PcBcC9HZBrM4gWu3,Raja-Krodha
10,common,pf2e.pathfinder-bestiary,sUGKrcx7kbHkWnwG,Red Dragon (Young)
10,common,pf2e.pathfinder-bestiary,oLdrCmarnzd62kA8,"Red Dragon (Young, Spellcaster)"
10,common,pf2e.pathfinder-monster-core,FWg5qHuwoa0JfEMR,Rekhep
10,common,pf2e.pathfinder-monster-core-2,VVgAb1gaCZaKFRDj,Rune Dragon (Young)
10,common,pf2e.pathfinder-monster-core-2,jCKBoIwRpT61zlL8,"Rune Dragon (Young, Spellcaster)"
10,common,pf2e.pathfinder-monster-core-2,Tf1eWEQJmFEtcCps,Sacristan
10,common,pf2e.pathfinder-bestiary,qkWkshBHyTbLP07b,Shield Archon
10,common,pf2e.pathfinder-bestiary,YPLZkAlOuaj3F3nZ,Silver Dragon (Young)
10,common,pf2e.pathfinder-bestiary,dYbfZnB1ngiqPm4O,"Silver Dragon (Young, Spellcaster)"
10,common,pf2e.pathfinder-bestiary,FwH05kDUlC8CwWTU,Troll King
10,common,pf2e.pathfinder-monster-core,wJH5BXOWZYEyVB3y,Troll Warleader
10,common,pf2e.pathfinder-monster-core,tpNP1UooPPHMyZye,Tyrannosaurus
10,common,pf2e.pathfinder-bestiary-2,j43O2vBu8eu2wC5z,Vrykolakas Master
10,common,pf2e.pathfinder-npc-core,KJ4faFTpKHVhAqFR,Warmonger
10,common,pf2e.pathfinder-bestiary,024PqcF8yMRBrPuq,White Dragon (Adult)
10,common,pf2e.pathfinder-bestiary,MhEfUXkSfLtgpmfE,"White Dragon (Adult, Spellcaster)"
10,common,pf2e.pathfinder-monster-core-2,mPFQENrVt5xhML1T,Zuishin
10,uncommon,pf2e.pathfinder-monster-core,IuVoyT5lkzcWJ6sK,Clay Effigy
10,uncommon,pf2e.pathfinder-bestiary,skz8n8N9GEQY2c90,Clay Golem
10,uncommon,pf2e.pathfinder-bestiary,aq2H1lRALUNMEGRG,Guardian Naga
10,uncommon,pf2e.pathfinder-bestiary-3,SjvmOu8v9haaZE1p,Leng Ghoul
10,uncommon,pf2e.pathfinder-monster-core-2,5oHZRcwDl7jhLOT5,Moon Hag
10,uncommon,pf2e.pathfinder-monster-core-2,rchfzUI2MVOVp56K,Nosferatu Malefactor
10,uncommon,pf2e.pathfinder-monster-core-2,hgtWYKMzyCGPAeLx,Nymolus
10,uncommon,pf2e.pathfinder-bestiary-2,TzdLLC68qlgrn91m,Nyogoth
10,uncommon,pf2e.pathfinder-monster-core,zeK0ii5YaynhtQi0,Quetz Coatl
10,uncommon,pf2e.pathfinder-bestiary,ZXbr1ke1vF0ZFKY3,Roper
10,uncommon,pf2e.pathfinder-bestiary-3,O8iynsWnjObQ8TJl,Soul Skelm
10,uncommon,pf2e.pathfinder-monster-core-2,L10I8M22nLRERxY8,Swordkeeper
10,uncommon,pf2e.pathfinder-monster-core,LRboVCCVODz00d5B,Vicharamuni
10,rare,pf2e.pathfinder-monster-core-2,8bis5VcFFHugSfK0,Champion Automaton
10,rare,pf2e.pathfinder-bestiary-3,RCsFDD6nqNUX0gIa,Chyzaedu
10,rare,pf2e.pathfinder-bestiary-3,nnI7oj1BcetLUTYo,Etioling Blightmage
10,rare,pf2e.pathfinder-npc-core,4iIpjKl1KThYRTgK,Infernal Registrar
10,rare,pf2e.pathfinder-bestiary-3,qnFiUNUyH0zuG6hj,Quintessivore
10,rare,pf2e.pathfinder-monster-core-2,ZdQfNuQQjytFzuyd,Water Orm
11,common,pf2e.pathfinder-monster-core-2,JMegWvgrPVElJYDW,Argorth
11,common,pf2e.pathfinder-monster-core-2,dZEC0cMT0CvCOrl2,Ash Giant
11,common,pf2e.pathfinder-bestiary,irrXrWxJ0LYSUCQB,Black Dragon (Adult)
11,common,pf2e.pathfinder-bestiary,AQwxOoYBwDUAwvfh,"Black Dragon (Adult, Spellcaster)"
11,common,pf2e.pathfinder-bestiary,JnOgG1xfWleFGNt9,Brass Dragon (Adult)
11,common,pf2e.pathfinder-bestiary,F99r7jcWX5YZB8xw,"Brass Dragon (Adult, Spellcaster)"
11,common,pf2e.pathfinder-monster-core,Z5QezXy38ZHyt3O3,Cloud Giant
11,common,pf2e.pathfinder-monster-core,zQraVA7SUjd6qGNh,Deadly Mantis
11,common,pf2e.pathfinder-monster-core,ADjEac8U6pNoPq6J,Diabolic Dragon (Young)
11,common,pf2e.pathfinder-monster-core,sUqSb1cvpotAFf0K,"Diabolic Dragon (Young, Spellcaster)"
11,common,pf2e.pathfinder-monster-core,Oq31fcKwH0EE9R89,Elemental Avalanche
11,common,pf2e.pathfinder-monster-core,mx2Xpra7bRJP0GuX,Elemental Hurricane
11,common,pf2e.pathfinder-monster-core,yYicb7uJH4EaBO4v,Elemental Inferno
11,common,pf2e.pathfinder-monster-core,R427CMT90S7fv7MY,Elemental Tsunami
11,common,pf2e.pathfinder-monster-core-2,0pdv7wgjpnDsVIV1,Garadasura
11,common,pf2e.pathfinder-bestiary,DolNTN9s2p79N8Cy,Gold Dragon (Young)
11,common,pf2e.pathfinder-bestiary,9xdl2PpfMEfJWhSO,"Gold Dragon (Young, Spellcaster)"
11,common,pf2e.pathfinder-monster-core,eP4a0FAbus3tNTbc,Goliath Spider
11,common,pf2e.pathfinder-monster-core,WG4Tk2k9Lm21CEQv,Greater Nightmare
11,common,pf2e.pathfinder-bestiary-2,tCJEjNDUxyV1GzE3,Hamatula
11,common,pf2e.pathfinder-bestiary-2,wqiFcGPARy8zmQfd,Hezrou
11,common,pf2e.pathfinder-npc-core,VYO4XEO6mHw8bfS4,High Roller
11,common,pf2e.pathfinder-monster-core-2,ogW5nGL2kXGqVwzm,Hippopotamus Topiary
11,common,pf2e.pathfinder-monster-core-2,hfrQX3e691B8sgTR,Larabay
11,common,pf2e.pathfinder-npc-core,1wk2fBlDuHLRYfJW,Maestro
11,common,pf2e.pathfinder-monster-core-2,faZ3sXbvs51DFvrM,Meladaemon
11,common,pf2e.pathfinder-bestiary-3,mbu0D45HPRNAwgEU,Munagola
11,common,pf2e.pathfinder-monster-core,awrILpXoGooQKEui,Omen Dragon (Adult)
11,common,pf2e.pathfinder-monster-core,XO3qw7XPkgRq4H6I,"Omen Dragon (Adult, Spellcaster)"
11,common,pf2e.pathfinder-bestiary-2,3u4toki9EeSRvcs2,Quoppopak
11,common,pf2e.pathfinder-monster-core-2,U93WglNpPjOYk23q,Raelis
11,common,pf2e.pathfinder-monster-core-2,z0X1HFrLzAUMxtMT,Requiem Dragon (Young)
11,common,pf2e.pathfinder-monster-core-2,SCIrzTfzJ9tCSLqL,"Requiem Dragon (Young, Spellcaster)"
11,common,pf2e.pathfinder-monster-core-2,cbcNwxJAur5r7sr5,Spinosaurus
11,common,pf2e.pathfinder-monster-core-2,5Gw0j1Qbh1uXUhkj,Spiral Centurion
11,common,pf2e.pathfinder-npc-core,6OtvMTyXhxUdZI44,Spirit Binder
11,common,pf2e.pathfinder-monster-core-2,n40ubwOuMGF7HHZ6,Unrisen
11,common,pf2e.pathfinder-monster-core-2,9FaVwxdsH5w0e114,Vigilia
11,common,pf2e.pathfinder-monster-core-2,0CCsMvCrYxTCMYrh,Whisper Dragon (Adult)
11,common,pf2e.pathfinder-monster-core-2,Qgc1WsHuup0b4Dey,"Whisper Dragon (Adult, Spellcaster)"
11,uncommon,pf2e.pathfinder-bestiary-2,WKsogmP2X2F68Zdm,Devourer
11,uncommon,pf2e.pathfinder-monster-core,UQRvCkhkS1ChOzLE,Gongorinan
11,uncommon,pf2e.pathfinder-monster-core,TwFcW5O5J1SdsYv3,Gosreg
11,uncommon,pf2e.pathfinder-bestiary-3,Pnw71fJ41j6Wx62M,Harmona
11,uncommon,pf2e.pathfinder-bestiary-2,kElZCC1zMQVftoi9,Isqulug
11,uncommon,pf2e.pathfinder-bestiary-3,6OxiStysMq65xKgS,Kongamato
11,uncommon,pf2e.pathfinder-bestiary-3,mK7FwVR1yyqeMlA4,Seething Spirit
11,uncommon,pf2e.pathfinder-monster-core,6FW3MILVXOy6mMrY,Stone Bulwark
11,uncommon,pf2e.pathfinder-bestiary,Upf2fOZ6QgGG3seI,Stone Golem
11,uncommon,pf2e.pathfinder-bestiary-2,fpBJiCOoHDlefgpO,Thunderbird
11,rare,pf2e.pathfinder-monster-core-2,KxVSaTjRAUwTWeDX,Atrixyl
11,rare,pf2e.pathfinder-monster-core-2,6WgGNVcmuwNlGDJP,Brainchild
12,common,pf2e.pathfinder-monster-core,6VOX4biqPtAE7y3g,Aeolaeka
12,common,pf2e.pathfinder-monster-core,085JMzkQqhNEWWWL,Akhana
12,common,pf2e.pathfinder-monster-core-2,zs7dPbTetShR8T3D,Arboreal Archive
12,common,pf2e.pathfinder-bestiary-2,CwrVQsRAeqlr1Vh0,Athach
12,common,pf2e.pathfinder-npc-core,YnUDViAV0M2FMG3M,Black Belt
12,common,pf2e.pathfinder-monster-core-2,RA2dkQJANNFjgdSt,Catoblepas
12,common,pf2e.pathfinder-monster-core,1a5faH5CCtFfbQHO,Cauthooj
12,common,pf2e.pathfinder-monster-core,TGYELuImcTcuX0aH,Conspirator Dragon (Adult)
12,common,pf2e.pathfinder-monster-core,T0OAOkmk4xz0wvjJ,"Conspirator Dragon (Adult, Spellcaster)"
12,common,pf2e.pathfinder-bestiary,Fzn4jHusVeyytgfx,Copper Dragon (Adult)
12,common,pf2e.pathfinder-bestiary,ouOt6d8xUFk8NhJ9,"Copper Dragon (Adult, Spellcaster)"
12,common,pf2e.pathfinder-monster-core-2,5upnh1nfYmbEjAGK,Coral Dragon (Adult)
12,common,pf2e.pathfinder-monster-core-2,3xe8mgv0NlHknfPj,"Coral Dragon (Adult, Spellcaster)"
12,common,pf2e.pathfinder-npc-core,mu8X8nr1HvSfdARc,Crime Kingpin
12,common,pf2e.pathfinder-bestiary-2,oKogG9AwUZ9iBsm3,Derghodaemon
12,common,pf2e.pathfinder-monster-core-2,CgDdoQ0pa0LI45NB,Ferrugon
12,common,pf2e.pathfinder-bestiary-2,mpBOeFrbtx1wMrNn,Frost Worm
12,common,pf2e.pathfinder-monster-core,pH2yNe16EnoJ8R0i,Gimmerling
12,common,pf2e.pathfinder-monster-core-2,KerIcyz9XOTkZUdF,Girtablilu Seer
12,common,pf2e.pathfinder-monster-core,Iwk2qT4lVyrvoz3B,Gogiteth
12,common,pf2e.pathfinder-bestiary,zXi6UhZ0mXWpKk4A,Green Dragon (Adult)
12,common,pf2e.pathfinder-bestiary,JKG3m8pFISF48Sfr,"Green Dragon (Adult, Spellcaster)"
12,common,pf2e.pathfinder-monster-core,ioi5L2CAM6q9aWKJ,Horned Dragon (Adult)
12,common,pf2e.pathfinder-monster-core,7jwIapHl80UbnIWr,"Horned Dragon (Adult, Spellcaster)"
12,common,pf2e.pathfinder-monster-core-2,2qAd4TmEu5wexX7U,Interlocutor
12,common,pf2e.pathfinder-bestiary-3,BPmotFI9EoIqSatr,Japalisura
12,common,pf2e.pathfinder-bestiary-3,cmzlnTgWcJjnISAK,Kokogiak
12,common,pf2e.pathfinder-bestiary,PgBsMyjMITjQnCs8,Kolyarut
12,common,pf2e.pathfinder-bestiary-2,EXeR2HC4xsvHcf6K,Monadic Deva
12,common,pf2e.pathfinder-monster-core,hvVFocY8r72XEaqQ,Omox
12,common,pf2e.pathfinder-monster-core-2,v4GX8cUuuA7IyFpl,Resurrection Dragon (Adult)
12,common,pf2e.pathfinder-monster-core-2,eTPzH6vTomEZy2UA,"Resurrection Dragon (Adult, Spellcaster)"
12,common,pf2e.pathfinder-monster-core-2,tHXV7mD747K60656,Rusalka
12,common,pf2e.pathfinder-monster-core,PUPnGG406PanzIvL,Sea Serpent
12,common,pf2e.pathfinder-monster-core,ePJcp2ADOjJYYQ5Q,Shining Child
12,common,pf2e.pathfinder-bestiary-2,W1OXnXGF22uybovO,Taiga Giant
12,common,pf2e.pathfinder-monster-core-2,XbaIHmvgqjLChTKq,Tomb Giant
12,common,pf2e.pathfinder-monster-core-2,PC6i1eCbQgWBvi7U,Valkyrie
12,uncommon,pf2e.pathfinder-monster-core-2,440q9qZ4A7fDNQJQ,Betobeto-San
12,uncommon,pf2e.pathfinder-monster-core-2,FP2JGgFA3NmnXf1o,Calikang
12,uncommon,pf2e.pathfinder-bestiary-2,18NInoyRLIrWE0nt,Chernobue
12,uncommon,pf2e.pathfinder-monster-core,6mdq7UV9gFXAEOpJ,Great Cyclops
12,uncommon,pf2e.pathfinder-npc-core,J6qH183OPXKfZ8qS,Peerless Duelist
12,uncommon,pf2e.pathfinder-monster-core,xz2NZqSG5YVl17dc,Shuln
12,rare,pf2e.pathfinder-npc-core,NZOqqzi4ThvJfpm8,Deific Champion of Iomedae
12,rare,pf2e.pathfinder-bestiary-3,zGtfiKku0td5E0VJ,Fossil Golem
12,rare,pf2e.pathfinder-monster-core-2,K8oGb2B4KCgXGN9W,Grisantian Lion
12,rare,pf2e.pathfinder-monster-core,smItqlbr0iuDJ8nL,Lich
12,rare,pf2e.pathfinder-bestiary-3,LTSZ3LD1L7ZthoD2,Misery Siktempora
12,rare,pf2e.pathfinder-monster-core,wfZoM7RfFzkmK7hI,Paleohemoth
12,rare,pf2e.pathfinder-bestiary-3,2L2iQ9X8tYPH2K9s,Tidehawk
12,rare,pf2e.pathfinder-monster-core-2,gVgVKlSqg0crOQSl,Xiuh Coatl
13,common,pf2e.pathfinder-monster-core,hybmXlTxljL9L1dW,Adamantine Dragon (Adult)
13,common,pf2e.pathfinder-monster-core,Bgfu9IQfK1DyaXmt,"Adamantine Dragon (Adult, Spellcaster)"
13,common,pf2e.pathfinder-monster-core-2,mUZShqYE6yFl90P3,Ambush Copse
13,common,pf2e.pathfinder-monster-core-2,Iy3DchRS4K7yEBDT,Anguished Flame
13,common,pf2e.pathfinder-monster-core-2,jaKVhw83CPKpW9UJ,Animated Trebuchet
13,common,pf2e.pathfinder-monster-core-2,gCbqUxncPyprgyN5,Assault Alloy
13,common,pf2e.pathfinder-monster-core-2,0Hng8SRW8VZVmZ67,Ayngavhaul
13,common,pf2e.pathfinder-bestiary,i3N3udPyTGVPLpoq,Blue Dragon (Adult)
13,common,pf2e.pathfinder-bestiary,Dp6dq9Jd0TanufdU,"Blue Dragon (Adult, Spellcaster)"
13,common,pf2e.pathfinder-bestiary,IMasNR02C74jy3cT,Bronze Dragon (Adult)
13,common,pf2e.pathfinder-bestiary,oj0vzfjflUc3xMBo,"Bronze Dragon (Adult, Spellcaster)"
13,common,pf2e.pathfinder-monster-core-2,d8ePlvZTcfKCa6Fm,Carnivorous Blob
13,common,pf2e.pathfinder-monster-core,vijBriZmbUJjbJNH,Cave Worm
13,common,pf2e.pathfinder-monster-core-2,aX8XLPYr0wNlDX4h,Despair Dragon (Adult)
13,common,pf2e.pathfinder-monster-core-2,rTpTB8NQbTxI2fPf,"Despair Dragon (Adult, Spellcaster)"
13,common,pf2e.pathfinder-monster-core-2,NMQwjsdBYJEYvtgu,Destiny Tempest
13,common,pf2e.pathfinder-npc-core,1K6Zl3EGIRZvC3TO,Elven Court Guard
13,common,pf2e.pathfinder-bestiary,kNmRn3WfiWLsuwoe,Gelugon
13,common,pf2e.pathfinder-bestiary,Iw2QccAkRc5Vnfzj,Ghaele
13,common,pf2e.pathfinder-bestiary,BRo0snV2sH6TFuh6,Glabrezu
13,common,pf2e.pathfinder-npc-core,gJBsgTZnZnImelP2,Globetrotting Scholar
13,common,pf2e.pathfinder-npc-core,qsS9EAPMfav5mmzK,Hero Hunter
13,common,pf2e.pathfinder-monster-core-2,o5B1pNYv2hglQa6v,Iceberg Clam
13,common,pf2e.pathfinder-monster-core-2,FuvlS0DHfooobGiN,Irlgaunt
13,common,pf2e.pathfinder-monster-core-2,TmvTgG1M8nzC5Q0K,Millindemalion
13,common,pf2e.pathfinder-monster-core,Cq9Cg5dZ3I3cWXXR,Mirage Dragon (Adult)
13,common,pf2e.pathfinder-monster-core,sK514S9XUfkNXcy8,"Mirage Dragon (Adult, Spellcaster)"
13,common,pf2e.pathfinder-monster-core-2,IpceyxBj5kTkmQWx,Phase Dragon (Adult)
13,common,pf2e.pathfinder-monster-core-2,KMU6KpI33zcE6pfE,"Phase Dragon (Adult, Spellcaster)"
13,common,pf2e.pathfinder-monster-core,Ao8hNYvOeo2HbJ5p,Quai Dau To
13,common,pf2e.pathfinder-monster-core,JSKZryHwf0Ggq8KR,Shadow Giant
13,common,pf2e.pathfinder-monster-core-2,XvauwoJvFf4VdWiA,Skeletal Titan
13,common,pf2e.pathfinder-monster-core,CIQgNHkiUtBQR2NJ,Snow Oni
13,common,pf2e.pathfinder-bestiary,B0QyZEjAXUG5TsJU,Storm Giant
13,common,pf2e.pathfinder-monster-core-2,8pqeRFVTVc66iIVn,Terra Carver
13,common,pf2e.pathfinder-monster-core-2,YMiDUjk65e52z1mU,Thanadaemon
13,common,pf2e.pathfinder-monster-core-2,9u9DrehHJk66ix5B,Tide Giant
13,common,pf2e.pathfinder-npc-core,atFtrrjwkTiFm6hJ,Tree Singer
13,common,pf2e.pathfinder-monster-core-2,ehDqHMxSAAqGONSc,Urglid
13,common,pf2e.pathfinder-monster-core-2,eLoVtQhKwPBUDSRr,Vanyver
13,common,pf2e.pathfinder-monster-core-2,QkjZNv3kb7BErPHR,Venator
13,common,pf2e.pathfinder-monster-core-2,rEjKVZqLfEC5jdVV,Viper Vine
13,uncommon,pf2e.pathfinder-bestiary-3,BZKNSyp1ATtn3JXj,Adachros
13,uncommon,pf2e.pathfinder-monster-core-2,ZCoLuOCfhO3DAeSv,Dibrasgorth
13,uncommon,pf2e.pathfinder-monster-core,gRy6Ci6zb1s4Nvy5,Dryad Queen
13,uncommon,pf2e.pathfinder-bestiary-2,RFCxaIS4OkacCpxD,Froghemoth
13,uncommon,pf2e.pathfinder-bestiary,t4bHhZBBDUyVzEmf,Iron Golem
13,uncommon,pf2e.pathfinder-monster-core,NqbaJG3tPG0NGJud,Iron Warden
13,uncommon,pf2e.pathfinder-monster-core-2,u45PPktoMp5L2vf3,Jorogumo
13,uncommon,pf2e.pathfinder-bestiary-2,pxlZ8QbxMK6b3l5w,Leng Spider
13,uncommon,pf2e.pathfinder-bestiary-2,e0PXAtnDnJo4ggFX,Vrykolakas Ancient
13,rare,pf2e.pathfinder-bestiary-3,xIT2yHlwILLc5hgw,Amalgamite
13,rare,pf2e.pathfinder-monster-core-2,T4qVNgJRyk1NRfQg,Exscinder
13,rare,pf2e.pathfinder-npc-core,RT4du8iTXLoCgBnm,Juggernaut
13,rare,pf2e.pathfinder-bestiary-3,EMT6L7RarzkSiEOq,Living Rune (Arcane)
13,rare,pf2e.pathfinder-bestiary-3,tvAlNMQluKDpfXMz,Living Rune (Divine)
13,rare,pf2e.pathfinder-bestiary-3,pCDp2hdim12wonW5,Living Rune (Occult)
13,rare,pf2e.pathfinder-bestiary-3,WfCLrFwwWSA7KRUu,Living Rune (Primal)
13,rare,pf2e.pathfinder-monster-core-2,4NXlXj2looUjPJY1,Owb Prophet
14,common,pf2e.pathfinder-monster-core,Wlupxz7dmKb6BYcr,Caldera Oni
14,common,pf2e.pathfinder-monster-core-2,plgIbSqjCRc7JFFF,Cinder Dragon (Adult)
14,common,pf2e.pathfinder-monster-core-2,jHD1bsWWmcUa2e7H,"Cinder Dragon (Adult, Spellcaster)"
14,common,pf2e.pathfinder-monster-core-2,LwpPOXWeDY2KkL9l,Doprillu
14,common,pf2e.pathfinder-monster-core,i6gxQwKAPhOQZPgs,Empyreal Dragon (Adult)
14,common,pf2e.pathfinder-monster-core,c5RzWCW3KsMqvO4h,"Empyreal Dragon (Adult, Spellcaster)"
14,common,pf2e.pathfinder-monster-core,TdhUDXvkKBctIpH8,Fortune Dragon (Adult)
14,common,pf2e.pathfinder-monster-core,ED9YZQYMGHuN5l8E,"Fortune Dragon (Adult, Spellcaster)"
14,common,pf2e.pathfinder-monster-core,702acAJ1OPRBjcni,Grikkitog
14,common,pf2e.pathfinder-monster-core,s492qJ4psEb4FXuy,Gylou
14,common,pf2e.pathfinder-bestiary-2,YUZF9WhDmfzma3dE,Nalfeshnee
14,common,pf2e.pathfinder-bestiary-3,HEgGta4uVmwdkw3E,Nikaramsa
14,common,pf2e.pathfinder-monster-core-2,EG8jLZfIfTwA0b5g,Ozthoom
14,common,pf2e.pathfinder-monster-core-2,wNa8UPQqSepdxscG,Ozthoom Shadow Double
14,common,pf2e.pathfinder-bestiary-3,Lqm3acjjbLKuRUCf,Peri
14,common,pf2e.pathfinder-bestiary-3,ZMrydoEfgGUAJGNI,Plague Giant
14,common,pf2e.pathfinder-bestiary,JhQGNMlKARMx1n2D,Red Dragon (Adult)
14,common,pf2e.pathfinder-bestiary,pFmaszqtsA2yt7dv,"Red Dragon (Adult, Spellcaster)"
14,common,pf2e.pathfinder-monster-core-2,BV71Dm2SSAObPp0W,Rune Dragon (Adult)
14,common,pf2e.pathfinder-monster-core-2,cYC9lQAUkGrUkn36,"Rune Dragon (Adult, Spellcaster)"
14,common,pf2e.pathfinder-monster-core-2,XlFn2e6yj0mxHeq8,Sepid
14,common,pf2e.pathfinder-npc-core,yU434Ugr11tvU7TS,Siegebreaker
14,common,pf2e.pathfinder-bestiary,v9eQFqibX6EYsmuX,Silver Dragon (Adult)
14,common,pf2e.pathfinder-bestiary,tl1aGbwuPPUDKHbN,"Silver Dragon (Adult, Spellcaster)"
14,common,pf2e.pathfinder-monster-core,H8Xq9hZP5bEEI3Hf,Tabellia
14,common,pf2e.pathfinder-bestiary-2,B4TJHP0yX8SXHQ4x,Trumpet Archon
14,common,pf2e.pathfinder-bestiary,n1Mv0Q1MirfjBmfI,Uthul
14,uncommon,pf2e.pathfinder-monster-core,YKMvlKA1AZJlXtz9,Augnagar
14,uncommon,pf2e.pathfinder-monster-core,JRBUBgJymEeEE4hm,Crag Linnorm
14,uncommon,pf2e.pathfinder-monster-core-2,dZwcLmENWYSneook,Deep One Elder
14,uncommon,pf2e.pathfinder-bestiary-3,Wu6vmegKwR4bgLse,Dramofir
14,uncommon,pf2e.pathfinder-monster-core-2,EH61wr2iEKooAzgQ,Graveknight Warmaster
14,rare,pf2e.pathfinder-npc-core,lqlrpoxzBoBH6Hw8,Curse Monger
14,rare,pf2e.pathfinder-bestiary-3,LjpOnADaKe9ormfL,Kuchisake-Onna
14,rare,pf2e.pathfinder-bestiary-3,Pvuvyd4RKVyiVWlJ,Mezlan
14,rare,pf2e.pathfinder-monster-core-2,OK7Gl2rBDDBvICvh,Ravener Husk
14,rare,pf2e.pathfinder-bestiary-3,fHczwj1B8ULKRSJk,Triumph Siktempora
14,rare,pf2e.pathfinder-monster-core,VDm2XhfNwhgiJOxD,Vidileth
15,common,pf2e.pathfinder-monster-core-2,G0BuqHfjITO4ZLi3,Animated Colossus
15,common,pf2e.pathfinder-monster-core,v7LH85fl189pXMsR,Benthic Worm
15,common,pf2e.pathfinder-monster-core-2,CNbPWUHtLgNIeft5,Berberoka
15,common,pf2e.pathfinder-bestiary-2,O9LzsedLTUVFtOix,Black Scorpion
15,common,pf2e.pathfinder-monster-core,CPzquDOPnlHyIoVF,Diabolic Dragon (Adult)
15,common,pf2e.pathfinder-monster-core,hXl3HV5uuCD1KJjU,"Diabolic Dragon (Adult, Spellcaster)"
15,common,pf2e.pathfinder-bestiary,aAiuQvMGPN9QXwKY,Gold Dragon (Adult)
15,common,pf2e.pathfinder-bestiary,NgCKGq28Qvt6ZOSr,"Gold Dragon (Adult, Spellcaster)"
15,common,pf2e.pathfinder-npc-core,FHVUrSWouQtE208v,Grand Inquisitor
15,common,pf2e.pathfinder-monster-core-2,yaDZ0N6t8vOxbqLy,Marrmora
15,common,pf2e.pathfinder-bestiary-2,tu31BdhnxNknt7kK,Marut
15,common,pf2e.pathfinder-monster-core,z9jEyLrsoBMmh9qg,Morrigna
15,common,pf2e.pathfinder-monster-core,IGzoFGlVbkit8hnH,Mukradi
15,common,pf2e.pathfinder-monster-core-2,2P9Kz3QD0tg6Tled,Okenevem
15,common,pf2e.pathfinder-npc-core,02hCP1sCfUXXjW5B,Peerless Healer
15,common,pf2e.pathfinder-monster-core,G5OY8UMEOrbycZZc,Quelaunt
15,common,pf2e.pathfinder-bestiary,x26dyZZZRvZpzK2X,Quelaunt
15,common,pf2e.pathfinder-monster-core-2,maz62hCQDR9ZktsA,Requiem Dragon (Adult)
15,common,pf2e.pathfinder-monster-core-2,XjDWSgWiplmByK3r,"Requiem Dragon (Adult, Spellcaster)"
15,common,pf2e.pathfinder-monster-core,sPFQOP6asxC8Ga0O,Seraptis
15,common,pf2e.pathfinder-monster-core-2,4yd4WNkSclwnNvJL,Sordesdaemon
15,common,pf2e.pathfinder-monster-core-2,vvzW7VPmUNSTLNzv,Sramana
15,common,pf2e.pathfinder-monster-core-2,cWlkWTHhSUtF50ED,Sykever
15,common,pf2e.pathfinder-monster-core-2,Wx3R6sU7c2v8x1mC,Totum Font
15,common,pf2e.pathfinder-monster-core-2,jW55DX3sJU2uTNrM,Wemmuth
15,common,pf2e.pathfinder-monster-core-2,I6BGEp29hsl6ihbx,Zhuraita
15,uncommon,pf2e.pathfinder-monster-core,IrssIkWkW6fsbHJL,Dybbuk
15,uncommon,pf2e.pathfinder-monster-core-2,qStWCL0wtOuQlqVy,Graveknight Champion
15,uncommon,pf2e.pathfinder-monster-core-2,y8bxt4vLmHHy1Xys,Hyakume
15,uncommon,pf2e.pathfinder-monster-core-2,15EHktvYa21dENni,Lampad Queen
15,uncommon,pf2e.pathfinder-bestiary-3,d5UfBtz09fOXKSmr,Nemhaith
15,uncommon,pf2e.pathfinder-bestiary-2,wxBQsGLdti2xcGVT,Neothelid
15,uncommon,pf2e.pathfinder-bestiary-3,AybyC0n2CWNbXAbK,Popobawa
15,uncommon,pf2e.pathfinder-bestiary-2,nipVBTEgG6itWJSW,Shoal Linnorm
15,uncommon,pf2e.pathfinder-bestiary-2,4Y8UO8NloCoPxJ1E,Umonlee
15,uncommon,pf2e.pathfinder-bestiary,mXkMSlj3LldzKxB9,White Dragon (Ancient)
15,uncommon,pf2e.pathfinder-bestiary,OqCiTKXZu7EWmAI0,"White Dragon (Ancient, Spellcaster)"
15,rare,pf2e.pathfinder-npc-core,L9GYpgZrtvRcjsrS,Deific Vessel of Urgathoa
15,rare,pf2e.pathfinder-bestiary,S35DifoycBwkxaGq,Demilich
15,rare,pf2e.pathfinder-npc-core,dkUu1Ua71kWcZBMd,Flamboyant Thief
15,rare,pf2e.pathfinder-monster-core-2,4Ay3tf49upoyaJrg,Jotund Troll
15,rare,pf2e.pathfinder-monster-core-2,pMNBNo8VMAJdlhN3,Nosferatu Overlord
15,rare,pf2e.pathfinder-monster-core,mQJL411e9Iz8dJoh,Phoenix
15,rare,pf2e.pathfinder-monster-core-2,nxR5CHiRDv6efOl4,Sakugami
15,rare,pf2e.pathfinder-bestiary-3,kuh9DOsFXybRZRlj,Tolokand
15,rare,pf2e.pathfinder-bestiary-3,BMHkCVNiEbnmUVft,Toshigami
16,common,pf2e.pathfinder-monster-core,hSSe2FxlXKvjKsEw,Astradaemon
16,common,pf2e.pathfinder-bestiary-2,i8C4jqI3VdozylBL,Cornugon
16,common,pf2e.pathfinder-monster-core,3vkQLclK0z4LhAh7,Shemhazian
16,common,pf2e.pathfinder-monster-core-2,DHzm2QFsaGTGgReI,Sumbreiva
16,common,pf2e.pathfinder-bestiary,31kXa1P0LUl38jYG,Zaramuun
16,common,pf2e.pathfinder-bestiary-2,Ge5Q5I7TTksf7QyN,Zomok
16,uncommon,pf2e.pathfinder-bestiary,Lvdykf6wfqzZBlZd,Black Dragon (Ancient)
16,uncommon,pf2e.pathfinder-bestiary,pYNMxg5z2nRFmkMM,"Black Dragon (Ancient, Spellcaster)"
16,uncommon,pf2e.pathfinder-bestiary,bSjF2lCgchtp2ocS,Brass Dragon (Ancient)
16,uncommon,pf2e.pathfinder-bestiary,kbZ3t5HhHRJJ4AMn,"Brass Dragon (Ancient, Spellcaster)"
16,uncommon,pf2e.pathfinder-monster-core-2,oLfyxHNz8IX06ZcU,Bythos
16,uncommon,pf2e.pathfinder-bestiary-2,sY3VkazdyPiMgMj1,Fjord Linnorm
16,uncommon,pf2e.pathfinder-monster-core,QBu0tRV8nNIFKbLS,Omen Dragon (Ancient)
16,uncommon,pf2e.pathfinder-monster-core,2QFhhm6cGqqaVlyK,"Omen Dragon (Ancient, Spellcaster)"
16,uncommon,pf2e.pathfinder-bestiary-2,cu6Bl5pFByrpinxd,Planetar
16,uncommon,pf2e.pathfinder-monster-core,YRyTBciVtCnO7J0Z,Rune Giant
16,uncommon,pf2e.pathfinder-monster-core,llSpQyOTaylpqgnW,Warsworn
16,uncommon,pf2e.pathfinder-monster-core-2,XOmx4kDjRW47dc9Z,Whisper Dragon (Ancient)
16,uncommon,pf2e.pathfinder-monster-core-2,Ymk65Vujq2Y5US9r,"Whisper Dragon (Ancient, Spellcaster)"
16,rare,pf2e.pathfinder-monster-core-2,44cDgnq0KY88X70E,Clockwork Dragon
16,rare,pf2e.pathfinder-bestiary-3,oIM21UCyiabwwHfo,Elder Sphinx
16,rare,pf2e.pathfinder-monster-core,GmKNb1UIjAkTMDOt,Giylea
16,rare,pf2e.pathfinder-monster-core,WoICHri7raCYv1wU,Lesser Death
16,rare,pf2e.pathfinder-bestiary-3,9PSCqGy7e2GDQpfU,Love Siktempora
16,rare,pf2e.pathfinder-bestiary-3,epTO8fPDjyy2WhzD,Mithral Golem
16,rare,pf2e.pathfinder-monster-core,NxLQHUMs57TktiZa,Vilderavn
16,rare,pf2e.pathfinder-npc-core,Vp2PPBttJl1h8iZe,World Ender
17,common,pf2e.pathfinder-monster-core-2,rxeSI37OvsSoXvYf,Deimavigga
17,common,pf2e.pathfinder-npc-core,SlabO2qbzHYS3kA6,Eldritch Emeritus
17,common,pf2e.pathfinder-monster-core-2,TOysExbCm3LNzrDl,Eseneth
17,common,pf2e.pathfinder-monster-core,VGPtiSeeT7CYgWrv,Island Oni
17,common,pf2e.pathfinder-monster-core-2,jDJ5XzsSAMDasITG,Kadamel
17,common,pf2e.pathfinder-monster-core,z1TEwL0plpK4l2uf,Keketar
17,common,pf2e.pathfinder-bestiary,ImueS9YFhV6sxqBP,Marilith
17,common,pf2e.pathfinder-monster-core-2,kqbvkWsmrnlziWNp,Phasmadaemon
17,common,pf2e.pathfinder-monster-core-2,PLHzkMMyajrodRUU,Vaspercham
17,common,pf2e.pathfinder-monster-core-2,FlrIq6SquIYb9REJ,Ximtal
17,uncommon,pf2e.pathfinder-monster-core,XKOQ3ll9TGNso0uB,Banshee
17,uncommon,pf2e.pathfinder-monster-core,7ikLoTK1gQJ08YDR,Conspirator Dragon (Ancient)
17,uncommon,pf2e.pathfinder-monster-core,C5o3vQKGHhGEsAuV,"Conspirator Dragon (Ancient, Spellcaster)"
17,uncommon,pf2e.pathfinder-bestiary,B9KJUdZre51J3E3e,Copper Dragon (Ancient)
17,uncommon,pf2e.pathfinder-bestiary,qGvK4f8Clc6dOwLU,"Copper Dragon (Ancient, Spellcaster)"
17,uncommon,pf2e.pathfinder-monster-core-2,L0GbthgIX8icmRhF,Coral Dragon (Ancient)
17,uncommon,pf2e.pathfinder-monster-core-2,Ec8MUOsVm84nDhaU,"Coral Dragon (Ancient, Spellcaster)"
17,uncommon,pf2e.pathfinder-npc-core,iOAX2QVvgaBdGc0B,Grandmaster
17,uncommon,pf2e.pathfinder-bestiary,0FGz2eXm0SB04sJW,Green Dragon (Ancient)
17,uncommon,pf2e.pathfinder-bestiary,p2ECLKUzZ0GhFg22,"Green Dragon (Ancient, Spellcaster)"
17,uncommon,pf2e.pathfinder-monster-core,DZoKH4IXR4zeNxoa,Horned Dragon (Ancient)
17,uncommon,pf2e.pathfinder-monster-core,6uiRT0sNk6TMQ309,"Horned Dragon (Ancient, Spellcaster)"
17,uncommon,pf2e.pathfinder-monster-core,Np5Z7RMQzvSNnH0h,Ice Linnorm
17,uncommon,pf2e.pathfinder-bestiary-2,GBBVBEAsznP8A5gv,Leydroth
17,uncommon,pf2e.pathfinder-monster-core-2,nBTJHNrjvCOu43SJ,Ninkonda
17,uncommon,pf2e.pathfinder-monster-core-2,qF9hjssrMjHuVFYK,Radiant Warden
17,uncommon,pf2e.pathfinder-monster-core-2,ahSJaAKNhPGcVOgr,Resurrection Dragon (Ancient)
17,uncommon,pf2e.pathfinder-monster-core-2,CZc6eVvRcsVJgjBU,"Resurrection Dragon (Ancient, Spellcaster)"
17,uncommon,pf2e.pathfinder-bestiary,RDFvGocLW0OuHmlC,Wendigo
17,rare,pf2e.pathfinder-monster-core,fgZx6VJkVZ26GFyI,Bandersnatch
17,rare,pf2e.pathfinder-bestiary-2,luPebMfNmwtOZcWR,Thrasfyr
18,common,pf2e.pathfinder-bestiary-2,r3yLNfqS00g8sdrT,Duneshaker Solifugid
18,common,pf2e.pathfinder-monster-core-2,TbkLKyfQI6hBwaVo,Katpaskir
18,common,pf2e.pathfinder-bestiary-2,GfJLotTcrZmn6tay,Purrodaemon
18,common,pf2e.pathfinder-monster-core-2,Loyg6crVl1LcdZ6c,Urveth
18,uncommon,pf2e.pathfinder-monster-core,KdUMMd6ol83JpP62,Adamantine Dragon (Ancient)
18,uncommon,pf2e.pathfinder-monster-core,ptaN3MY80GiE6PHW,"Adamantine Dragon (Ancient, Spellcaster)"
18,uncommon,pf2e.pathfinder-bestiary,uPxh3VpA80zZdWfx,Blue Dragon (Ancient)
18,uncommon,pf2e.pathfinder-bestiary,4C3Sh2lO9oWi78Zo,"Blue Dragon (Ancient, Spellcaster)"
18,uncommon,pf2e.pathfinder-bestiary,BzBFDaNj51PP97RZ,Bronze Dragon (Ancient)
18,uncommon,pf2e.pathfinder-bestiary,MLmwdUIW4o7ZSUEG,"Bronze Dragon (Ancient, Spellcaster)"
18,uncommon,pf2e.pathfinder-bestiary-2,Wtok8DP7ybbEJ1fB,Cairn Linnorm
18,uncommon,pf2e.pathfinder-monster-core-2,5aLSif13KCcvnuLO,Despair Dragon (Ancient)
18,uncommon,pf2e.pathfinder-monster-core-2,wfsRPYfsXIEhNEXd,"Despair Dragon (Ancient, Spellcaster)"
18,uncommon,pf2e.pathfinder-npc-core,ZlA2Cp5e62nE16gD,Enchanting Ritualist
18,uncommon,pf2e.pathfinder-monster-core,bgKwwvO0uDGD7XsG,Kraken
18,uncommon,pf2e.pathfinder-monster-core,uc61UL57ywxLy0q0,Mirage Dragon (Ancient)
18,uncommon,pf2e.pathfinder-monster-core,heMHnYShW7TCJCJb,"Mirage Dragon (Ancient, Spellcaster)"
18,uncommon,pf2e.pathfinder-monster-core-2,NrfzOgCuPadLmKwj,Phase Dragon (Ancient)
18,uncommon,pf2e.pathfinder-monster-core-2,OEa6bKFqSc11OUl4,"Phase Dragon (Ancient, Spellcaster)"
18,uncommon,pf2e.pathfinder-monster-core,zkl6planCbeCuAdS,Skulltaker
18,uncommon,pf2e.pathfinder-monster-core,mEjCLVRt7iDiNZL6,Thulgant
18,rare,pf2e.pathfinder-monster-core-2,w6MKljfQYYaCYsFR,Adamant Sentinel
18,rare,pf2e.pathfinder-bestiary,keCgklXcy4HZgQIL,Adamantine Golem
18,rare,pf2e.pathfinder-monster-core,KdW5UeZSqeTZZlo5,Aolaz
18,rare,pf2e.pathfinder-bestiary-3,V9SxfxUgljJR9xx5,Hatred Siktempora
18,rare,pf2e.pathfinder-monster-core,jh3XmHoFtcGYkdJm,Magma Worm
18,rare,pf2e.pathfinder-monster-core-2,p4GHJGguGRp5ucHV,Shoggoth
18,rare,pf2e.pathfinder-bestiary,ASc5sT2hU84tp1fx,Simurgh
19,common,pf2e.pathfinder-monster-core-2,5AafVmcECTFaicll,Obcisidaemon
19,common,pf2e.pathfinder-bestiary-2,FRTpT9rLxUBKGdin,Star Archon
19,uncommon,pf2e.pathfinder-monster-core-2,dbcJTXE93zLQQ3Vx,Cinder Dragon (Ancient)
19,uncommon,pf2e.pathfinder-monster-core-2,ZpI0J6giV6hacfTw,"Cinder Dragon (Ancient, Spellcaster)"
19,uncommon,pf2e.pathfinder-monster-core,mRtBMD6vmFEdlgzA,Empyreal Dragon (Ancient)
19,uncommon,pf2e.pathfinder-monster-core,osscRiyHUXzfv0yz,"Empyreal Dragon (Ancient, Spellcaster)"
19,uncommon,pf2e.pathfinder-monster-core,dbElCgziDp8ysxqR,Fortune Dragon (Ancient)
19,uncommon,pf2e.pathfinder-monster-core,GdqPoQ2WWnuzEzbu,"Fortune Dragon (Ancient, Spellcaster)"
19,uncommon,pf2e.pathfinder-monster-core-2,dA6UaeIi9wFgBAQO,Hesperid Queen
19,uncommon,pf2e.pathfinder-bestiary,9H11QHnoKz8hHKSM,Red Dragon (Ancient)
19,uncommon,pf2e.pathfinder-bestiary,2T2cN4j4EzfDAIEe,"Red Dragon (Ancient, Spellcaster)"
19,uncommon,pf2e.pathfinder-monster-core-2,VK5OKW5viAEWQVzU,Rune Dragon (Ancient)
19,uncommon,pf2e.pathfinder-monster-core-2,tyjxoRht7sjiwHnz,"Rune Dragon (Ancient, Spellcaster)"
19,uncommon,pf2e.pathfinder-bestiary,SWOZ0e2IQifxzlgL,Silver Dragon (Ancient)
19,uncommon,pf2e.pathfinder-bestiary,jlEFaUJjAK4MTsLc,"Silver Dragon (Ancient, Spellcaster)"
19,uncommon,pf2e.pathfinder-bestiary-2,NAy7eUqFI8tGm3Ug,Taiga Linnorm
19,uncommon,pf2e.pathfinder-monster-core-2,Ws6554On4eh2Blq7,Tzitzimitl
19,rare,pf2e.pathfinder-monster-core,BPznJcLvfkpfeQ2q,Guthallath
19,rare,pf2e.pathfinder-bestiary-2,eD1kydftMIp4CL2K,Sard
19,rare,pf2e.pathfinder-npc-core,rxBaSTbWJflJPfz5,Tempest Incarnate
19,rare,pf2e.pathfinder-monster-core,3IPLvfez8DzwwNqm,Terotricus
19,unique,pf2e.pathfinder-bestiary-2,cPX0NmB242FqSRxa,Grendel
20,common,pf2e.pathfinder-bestiary,9vNYtJZiseCEf4wt,Balor
20,common,pf2e.pathfinder-monster-core-2,Hk2cd4HlPbhBJKfx,Baomal
20,common,pf2e.pathfinder-monster-core-2,D5bZbv6KOSyDqEmj,Bikkhasura
20,common,pf2e.pathfinder-monster-core-2,7gzLs1OP0aCZZNU9,Draconal
20,common,pf2e.pathfinder-monster-core-2,zYVxMOCM8Yqnjn6T,Eremite
20,common,pf2e.pathfinder-monster-core-2,TbkQnciNLvcWCrxo,Izfiitar
20,common,pf2e.pathfinder-monster-core-2,dl5JB5ZgKPcbKEMw,Kimenhul
20,common,pf2e.pathfinder-monster-core-2,sz52sgsgCjOROtST,Nasurgeth
20,common,pf2e.pathfinder-monster-core,BlTEvlCUKPOfBYMR,Nessari
20,common,pf2e.pathfinder-bestiary-2,37FAi1y5S8snofws,Olethrodaemon
20,common,pf2e.pathfinder-monster-core,HLM55InRGOAUkqoH,Pleroma
20,common,pf2e.pathfinder-monster-core-2,n2zUhVaFXuOJE8a1,Veranallia
20,common,pf2e.pathfinder-monster-core,iy5XBb2u4BOVxjtz,Vrolikai
20,uncommon,pf2e.pathfinder-monster-core,mz7ZO0g4begL6EGH,Diabolic Dragon (Ancient)
20,uncommon,pf2e.pathfinder-monster-core,ylhweChE6bNwf7Q2,"Diabolic Dragon (Ancient, Spellcaster)"
20,uncommon,pf2e.pathfinder-bestiary,nWiibOE9wVSlTdkx,Gold Dragon (Ancient)
20,uncommon,pf2e.pathfinder-bestiary,VEnjCj4geJBzTgBJ,"Gold Dragon (Ancient, Spellcaster)"
20,uncommon,pf2e.pathfinder-monster-core-2,ct5z8lpPOFlOTkMz,Requiem Dragon (Ancient)
20,uncommon,pf2e.pathfinder-monster-core-2,jYkywyKGULplBGla,"Requiem Dragon (Ancient, Spellcaster)"
20,uncommon,pf2e.pathfinder-monster-core,k0HUy6WdbZUNfG8X,Tarn Linnorm
20,uncommon,pf2e.pathfinder-monster-core,00uNOPsU5VognIcB,Yamaraj
20,rare,pf2e.pathfinder-bestiary-2,H37tfTiLiUhpYxaS,Bastion Archon
20,rare,pf2e.pathfinder-bestiary-3,RicPhk9hLC3dDjp5,Maharaja
20,rare,pf2e.pathfinder-monster-core,8w0LwQHkip8nzFo0,Norn
21,common,pf2e.pathfinder-bestiary-2,xfcFXLbadD3KdlHW,Lerritan
21,common,pf2e.pathfinder-bestiary,VUJrPHKOjYkIQnWn,Mu Spore
21,uncommon,pf2e.pathfinder-monster-core,0H54u83vZ1w3xHcD,Tor Linnorm
21,rare,pf2e.pathfinder-monster-core-2,synED0IrMbFHimtc,Elysian Titan
21,rare,pf2e.pathfinder-bestiary-3,rrkjmcNlODuIpbz6,Ouroboros
21,rare,pf2e.pathfinder-monster-core-2,iOYLNPBikuBfVBDu,Ravener
21,unique,pf2e.pathfinder-monster-core,kKFfigxrJ2vbJazp,Grim Reaper
21,unique,pf2e.pathfinder-bestiary-3,hOgYpdscvGo4MHHo,Krampus
22,rare,pf2e.pathfinder-monster-core-2,Ww4WnWmMJcfqZlCX,Thanatotic Titan
22,unique,pf2e.pathfinder-monster-core-2,XVEpt8dz9fMBXROb,Volnagur
23,rare,pf2e.pathfinder-monster-core-2,l3ULL4wKnaoOZ51P,Danava Titan
23,rare,pf2e.pathfinder-bestiary-2,Y0qsrBFTFMbaiLzr,Jabberwock
23,rare,pf2e.pathfinder-bestiary-2,c4uQKZaRWv9n9IHo,Solar
24,rare,pf2e.pathfinder-monster-core-2,vpXcLtLPWNRGSQWA,Green Man
24,rare,pf2e.pathfinder-monster-core-2,TWr3kyBo1FhAX2oH,Hekatonkheires Titan
24,unique,pf2e.pathfinder-monster-core-2,yRZhGvSBQSShp9HF,Sorvuth-Ka
25,unique,pf2e.pathfinder-monster-core,P8pNcpNeXQcj6lBB,Treerazer
